13 16
-1 -1  1  1  1  1 -1 -1 -1  1 -1  1  1 
-1  1  1 -1  1  1 -1 -1 -1 -1  1  1  1 
-1  1 -1  1  1  1 -1 -1 -1  1  1  1 -1 
-1  1  1 -1  1  1 -1  1 -1 -1 -1  1  1 
-1  1  1 -1  1  1 -1  1 -1 -1  1 -1  1 
-1  1  1 -1  1  1 -1  1 -1 -1  1  1 -1 
-1  1  1  1  1 -1 -1  1 -1  1  1 -1 -1 
 1 -1 -1  1  1  1 -1 -1  1  1 -1  1 -1 
 1  1 -1  1  1 -1 -1 -1  1  1  1 -1 -1 
 1  1 -1 -1  1  1  1 -1 -1 -1  1  1 -1 
 1  1 -1  1  1 -1  1 -1 -1  1  1 -1 -1 
 1  1 -1  1  1 -1  1 -1  1 -1  1 -1 -1 
 1  1 -1  1  1 -1  1 -1  1  1 -1 -1 -1 
 1  1  1 -1 -1  1  1  1 -1 -1 -1 -1  1 
 1  1  1 -1  1 -1  1  1 -1 -1  1 -1 -1 
 1  1  1  1 -1 -1  1  1  1 -1 -1 -1 -1 
0.800000 0.800000 0.800000 0.800000 0.800000 0.800000 0.900000 0.900000 0.900000 0.900000 0.900000 0.900000 0.900000 
