29 1006
-1 -1 -1 -1 -1  1  1  1  1  1  1  1 -1 -1 -1 -1 -1 -1 -1 -1  1 -1 -1  1  1  1 -1  1  1 
-1 -1 -1 -1 -1  1  1  1  1  1  1  1 -1 -1 -1 -1 -1 -1 -1 -1 -1 -1 -1  1  1  1  1  1  1 
-1 -1 -1 -1 -1  1  1  1  1  1  1  1 -1 -1 -1 -1 -1 -1 -1 -1  1 -1 -1  1  1  1  1 -1  1 
-1 -1 -1 -1 -1  1  1  1  1  1  1  1 -1 -1 -1 -1 -1 -1 -1 -1  1 -1 -1  1  1  1  1  1 -1 
-1 -1 -1 -1 -1  1  1  1  1  1  1  1 -1 -1 -1 -1 -1 -1  1 -1 -1 -1 -1  1 -1  1  1  1  1 
-1 -1 -1 -1 -1  1  1  1  1  1  1  1 -1 -1 -1 -1 -1 -1  1 -1 -1 -1 -1  1  1 -1  1  1  1 
-1 -1 -1 -1 -1  1  1  1  1  1  1  1 -1 -1 -1 -1 -1 -1  1 -1 -1 -1 -1  1  1  1 -1  1  1 
-1 -1 -1 -1 -1  1  1  1  1  1  1  1 -1 -1 -1 -1 -1 -1  1 -1  1 -1 -1  1 -1  1 -1  1  1 
-1 -1 -1 -1 -1  1  1  1  1  1  1  1 -1 -1 -1 -1 -1 -1  1 -1  1 -1 -1  1 -1  1  1 -1  1 
-1 -1 -1 -1 -1  1  1  1  1  1  1  1 -1 -1 -1 -1 -1 -1  1 -1  1 -1 -1  1 -1  1  1  1 -1 
-1 -1 -1 -1 -1  1  1  1  1  1  1  1 -1 -1 -1 -1 -1 -1  1 -1  1 -1 -1  1  1 -1 -1  1  1 
-1 -1 -1 -1 -1  1  1  1  1  1  1  1 -1 -1 -1 -1 -1 -1  1 -1  1 -1 -1  1  1 -1  1 -1  1 
-1 -1 -1 -1 -1  1  1  1  1  1  1  1 -1 -1 -1 -1 -1 -1  1 -1  1 -1 -1  1  1 -1  1  1 -1 
-1 -1 -1 -1 -1  1  1  1  1  1  1  1 -1 -1 -1 -1 -1 -1  1 -1  1 -1 -1  1  1  1 -1 -1  1 
-1 -1 -1 -1 -1  1  1  1  1  1  1  1 -1 -1 -1 -1 -1 -1  1 -1  1 -1 -1  1  1  1 -1  1 -1 
-1 -1 -1 -1  1 -1  1  1  1  1  1  1 -1 -1 -1 -1 -1 -1 -1 -1  1 -1  1  1 -1  1 -1  1  1 
-1 -1 -1 -1  1 -1  1  1  1  1  1  1 -1 -1 -1 -1 -1 -1 -1 -1 -1 -1  1  1 -1  1  1  1  1 
-1 -1 -1 -1  1 -1  1  1  1  1  1  1 -1 -1 -1 -1 -1 -1 -1 -1  1 -1  1  1 -1  1  1 -1  1 
-1 -1 -1 -1  1 -1  1  1  1  1  1  1 -1 -1 -1 -1 -1 -1 -1 -1  1 -1  1  1 -1  1  1  1 -1 
-1 -1 -1 -1  1  1  1 -1  1  1  1  1 -1 -1 -1 -1 -1 -1  1 -1 -1 -1  1  1 -1  1  1  1 -1 
-1 -1 -1 -1  1  1  1  1  1  1  1 -1 -1 -1 -1 -1 -1 -1  1 -1  1 -1  1  1 -1  1  1 -1 -1 
-1 -1 -1 -1  1  1 -1  1  1  1  1  1 -1 -1 -1 -1 -1 -1 -1 -1 -1 -1  1  1  1  1 -1  1  1 
-1 -1 -1 -1  1  1  1 -1  1  1  1  1 -1 -1 -1 -1 -1 -1 -1 -1 -1 -1  1  1  1  1  1  1 -1 
-1 -1 -1 -1  1  1  1  1  1  1  1 -1 -1 -1 -1 -1 -1 -1 -1 -1  1 -1  1  1  1  1  1 -1 -1 
-1 -1 -1 -1  1  1  1 -1  1  1  1  1 -1 -1 -1 -1 -1 -1  1 -1 -1 -1  1  1  1 -1  1  1 -1 
-1 -1 -1 -1  1  1  1 -1  1  1  1  1 -1 -1 -1 -1 -1 -1  1 -1 -1 -1  1  1  1  1 -1  1 -1 
-1 -1 -1 -1  1  1  1  1  1  1 -1  1 -1 -1 -1 -1 -1 -1  1 -1  1 -1  1  1  1 -1 -1 -1  1 
-1 -1 -1 -1  1  1  1  1  1  1  1 -1 -1 -1 -1 -1 -1 -1  1 -1  1 -1  1  1  1 -1  1 -1 -1 
-1 -1 -1 -1  1  1  1  1  1  1  1 -1 -1 -1 -1 -1 -1 -1  1 -1  1 -1  1  1  1  1 -1 -1 -1 
-1 -1 -1 -1  1  1  1  1 -1  1  1  1 -1 -1 -1 -1  1 -1 -1 -1  1 -1 -1 -1  1  1 -1  1  1 
-1 -1 -1 -1  1  1  1  1 -1  1  1  1 -1 -1 -1 -1  1 -1 -1 -1 -1 -1 -1 -1  1  1  1  1  1 
-1 -1 -1 -1  1  1  1  1 -1  1  1  1 -1 -1 -1 -1  1 -1 -1 -1  1 -1 -1 -1  1  1  1 -1  1 
-1 -1 -1 -1  1  1  1  1 -1  1  1  1 -1 -1 -1 -1  1 -1 -1 -1  1 -1 -1 -1  1  1  1  1 -1 
-1 -1 -1 -1  1  1 -1  1  1  1  1  1 -1 -1 -1 -1  1 -1 -1 -1 -1 -1 -1  1  1  1 -1  1  1 
-1 -1 -1 -1  1  1  1 -1  1  1  1  1 -1 -1 -1 -1  1 -1 -1 -1 -1 -1 -1  1  1  1  1  1 -1 
-1 -1 -1 -1  1  1  1  1  1  1  1 -1 -1 -1 -1 -1  1 -1 -1 -1  1 -1 -1  1  1  1  1 -1 -1 
-1 -1 -1 -1  1  1 -1  1  1  1  1  1 -1 -1 -1 -1  1 -1 -1 -1 -1 -1  1 -1  1  1 -1  1  1 
-1 -1 -1 -1  1  1  1 -1  1  1  1  1 -1 -1 -1 -1  1 -1 -1 -1 -1 -1  1 -1  1  1  1  1 -1 
-1 -1 -1 -1  1  1  1  1  1  1  1 -1 -1 -1 -1 -1  1 -1 -1 -1  1 -1  1 -1  1  1  1 -1 -1 
-1 -1 -1 -1  1  1 -1  1  1  1  1  1 -1 -1 -1 -1  1 -1 -1 -1 -1 -1  1  1 -1  1 -1  1  1 
-1 -1 -1 -1  1  1  1 -1  1  1  1  1 -1 -1 -1 -1  1 -1 -1 -1 -1 -1  1  1 -1  1  1  1 -1 
-1 -1 -1 -1  1  1  1  1  1  1  1 -1 -1 -1 -1 -1  1 -1 -1 -1  1 -1  1  1 -1  1  1 -1 -1 
-1 -1 -1 -1  1  1  1  1 -1  1  1  1 -1 -1 -1 -1  1 -1  1 -1 -1 -1 -1 -1 -1  1  1  1  1 
-1 -1 -1 -1  1  1  1 -1  1  1  1  1 -1 -1 -1 -1  1 -1  1 -1 -1 -1 -1  1 -1  1  1  1 -1 
-1 -1 -1 -1  1  1  1  1 -1  1  1  1 -1 -1 -1 -1  1 -1  1 -1 -1 -1 -1 -1  1 -1  1  1  1 
-1 -1 -1 -1  1  1  1  1 -1  1  1  1 -1 -1 -1 -1  1 -1  1 -1 -1 -1 -1 -1  1  1 -1  1  1 
-1 -1 -1 -1  1  1  1 -1  1  1  1  1 -1 -1 -1 -1  1 -1  1 -1 -1 -1 -1  1  1 -1  1  1 -1 
-1 -1 -1 -1  1  1  1 -1  1  1  1  1 -1 -1 -1 -1  1 -1  1 -1 -1 -1 -1  1  1  1 -1  1 -1 
-1 -1 -1 -1  1  1  1  1  1 -1  1  1 -1 -1 -1 -1  1 -1  1 -1 -1 -1  1 -1 -1 -1  1  1  1 
-1 -1 -1 -1  1  1  1 -1  1  1  1  1 -1 -1 -1 -1  1 -1  1 -1 -1 -1  1 -1 -1  1  1  1 -1 
-1 -1 -1 -1  1  1  1 -1  1  1  1  1 -1 -1 -1 -1  1 -1  1 -1 -1 -1  1 -1  1 -1  1  1 -1 
-1 -1 -1 -1  1  1  1 -1  1  1  1  1 -1 -1 -1 -1  1 -1  1 -1 -1 -1  1 -1  1  1 -1  1 -1 
-1 -1 -1 -1  1  1  1 -1  1  1  1  1 -1 -1 -1 -1  1 -1  1 -1 -1 -1  1  1 -1 -1  1  1 -1 
-1 -1 -1 -1  1  1  1 -1  1  1  1  1 -1 -1 -1 -1  1 -1  1 -1 -1 -1  1  1 -1  1 -1  1 -1 
-1 -1 -1 -1  1  1  1  1 -1  1  1  1 -1 -1 -1 -1  1 -1  1 -1  1 -1 -1 -1 -1  1 -1  1  1 
-1 -1 -1 -1  1  1  1  1 -1  1  1  1 -1 -1 -1 -1  1 -1  1 -1  1 -1 -1 -1 -1  1  1 -1  1 
-1 -1 -1 -1  1  1  1  1 -1  1  1  1 -1 -1 -1 -1  1 -1  1 -1  1 -1 -1 -1 -1  1  1  1 -1 
-1 -1 -1 -1  1  1  1  1  1  1  1 -1 -1 -1 -1 -1  1 -1  1 -1  1 -1 -1  1 -1  1  1 -1 -1 
-1 -1 -1 -1  1  1  1  1 -1  1  1  1 -1 -1 -1 -1  1 -1  1 -1  1 -1 -1 -1  1 -1 -1  1  1 
-1 -1 -1 -1  1  1  1  1 -1  1  1  1 -1 -1 -1 -1  1 -1  1 -1  1 -1 -1 -1  1 -1  1 -1  1 
-1 -1 -1 -1  1  1  1  1 -1  1  1  1 -1 -1 -1 -1  1 -1  1 -1  1 -1 -1 -1  1 -1  1  1 -1 
-1 -1 -1 -1  1  1  1  1 -1  1  1  1 -1 -1 -1 -1  1 -1  1 -1  1 -1 -1 -1  1  1 -1 -1  1 
-1 -1 -1 -1  1  1  1  1 -1  1  1  1 -1 -1 -1 -1  1 -1  1 -1  1 -1 -1 -1  1  1 -1  1 -1 
-1 -1 -1 -1  1  1  1  1  1  1 -1  1 -1 -1 -1 -1  1 -1  1 -1  1 -1 -1  1  1 -1 -1 -1  1 
-1 -1 -1 -1  1  1  1  1  1  1  1 -1 -1 -1 -1 -1  1 -1  1 -1  1 -1 -1  1  1 -1  1 -1 -1 
-1 -1 -1 -1  1  1  1  1  1  1  1 -1 -1 -1 -1 -1  1 -1  1 -1  1 -1 -1  1  1  1 -1 -1 -1 
-1 -1 -1 -1  1  1  1  1  1 -1  1  1 -1 -1 -1 -1  1 -1  1 -1  1 -1  1 -1 -1 -1 -1  1  1 
-1 -1 -1 -1  1  1  1  1  1 -1  1  1 -1 -1 -1 -1  1 -1  1 -1  1 -1  1 -1 -1 -1  1 -1  1 
-1 -1 -1 -1  1  1  1  1  1 -1  1  1 -1 -1 -1 -1  1 -1  1 -1  1 -1  1 -1 -1 -1  1  1 -1 
-1 -1 -1 -1  1  1  1  1  1  1  1 -1 -1 -1 -1 -1  1 -1  1 -1  1 -1  1 -1 -1  1  1 -1 -1 
-1 -1 -1 -1  1  1  1  1  1  1 -1  1 -1 -1 -1 -1  1 -1  1 -1  1 -1  1 -1  1 -1 -1 -1  1 
-1 -1 -1 -1  1  1  1  1  1  1  1 -1 -1 -1 -1 -1  1 -1  1 -1  1 -1  1 -1  1 -1  1 -1 -1 
-1 -1 -1 -1  1  1  1  1  1  1  1 -1 -1 -1 -1 -1  1 -1  1 -1  1 -1  1 -1  1  1 -1 -1 -1 
-1 -1 -1 -1  1  1  1  1  1  1 -1  1 -1 -1 -1 -1  1 -1  1 -1  1 -1  1  1 -1 -1 -1 -1  1 
-1 -1 -1 -1  1  1  1  1  1  1  1 -1 -1 -1 -1 -1  1 -1  1 -1  1 -1  1  1 -1 -1  1 -1 -1 
-1 -1 -1 -1  1  1  1  1  1  1  1 -1 -1 -1 -1 -1  1 -1  1 -1  1 -1  1  1 -1  1 -1 -1 -1 
-1 -1 -1  1 -1  1  1  1 -1  1  1  1 -1 -1 -1 -1 -1 -1  1 -1 -1  1 -1 -1  1 -1  1  1  1 
-1 -1 -1  1  1  1  1  1 -1 -1  1  1 -1 -1 -1 -1  1 -1  1 -1 -1  1 -1 -1 -1 -1  1  1  1 
-1 -1 -1  1 -1  1  1  1 -1  1  1  1 -1 -1 -1 -1 -1 -1  1 -1 -1  1 -1 -1 -1  1  1  1  1 
-1 -1 -1  1 -1  1  1  1 -1  1  1  1 -1 -1 -1 -1 -1 -1 -1 -1 -1  1 -1 -1  1  1  1  1  1 
-1 -1 -1  1 -1  1  1  1 -1  1  1  1 -1 -1 -1 -1 -1 -1  1 -1 -1  1 -1 -1  1  1 -1  1  1 
-1 -1 -1  1  1  1 -1  1 -1  1  1  1 -1 -1 -1 -1  1 -1 -1 -1 -1  1 -1 -1  1  1 -1  1  1 
-1 -1 -1  1 -1 -1  1  1  1  1  1  1 -1 -1 -1 -1 -1 -1 -1 -1 -1  1 -1  1 -1  1  1  1  1 
-1 -1 -1  1 -1  1 -1  1  1  1  1  1 -1 -1 -1 -1 -1 -1 -1 -1 -1  1 -1  1  1  1 -1  1  1 
-1 -1 -1  1  1 -1 -1  1  1  1  1  1 -1 -1 -1 -1 -1 -1 -1 -1 -1  1  1  1 -1  1 -1  1  1 
-1 -1 -1  1 -1  1  1  1 -1  1  1  1 -1 -1 -1 -1 -1 -1 -1 -1  1  1 -1 -1  1  1 -1  1  1 
-1 -1 -1  1 -1 -1  1  1  1  1  1  1 -1 -1 -1 -1 -1 -1 -1 -1  1  1 -1  1 -1  1 -1  1  1 
-1 -1 -1  1 -1  1  1  1 -1  1  1  1 -1 -1 -1 -1 -1 -1 -1 -1  1  1 -1 -1  1  1  1 -1  1 
-1 -1 -1  1 -1  1  1  1 -1  1  1  1 -1 -1 -1 -1 -1 -1 -1 -1  1  1 -1 -1  1  1  1  1 -1 
-1 -1 -1  1  1  1  1  1 -1  1  1 -1 -1 -1 -1 -1  1 -1 -1 -1  1  1 -1 -1  1  1  1 -1 -1 
-1 -1 -1  1 -1 -1  1  1  1  1  1  1 -1 -1 -1 -1 -1 -1 -1 -1  1  1 -1  1 -1  1  1 -1  1 
-1 -1 -1  1 -1 -1  1  1  1  1  1  1 -1 -1 -1 -1 -1 -1 -1 -1  1  1 -1  1 -1  1  1  1 -1 
-1 -1 -1  1 -1  1  1  1  1  1  1 -1 -1 -1 -1 -1 -1 -1 -1 -1  1  1 -1  1  1  1  1 -1 -1 
-1 -1 -1  1  1 -1  1  1  1  1  1 -1 -1 -1 -1 -1 -1 -1 -1 -1  1  1  1  1 -1  1  1 -1 -1 
-1 -1 -1  1 -1  1  1  1 -1  1  1  1 -1 -1 -1 -1 -1 -1  1 -1  1  1 -1 -1 -1  1 -1  1  1 
-1 -1 -1  1 -1  1  1  1 -1  1  1  1 -1 -1 -1 -1 -1 -1  1 -1  1  1 -1 -1 -1  1  1 -1  1 
-1 -1 -1  1 -1  1  1  1 -1  1  1  1 -1 -1 -1 -1 -1 -1  1 -1  1  1 -1 -1 -1  1  1  1 -1 
-1 -1 -1  1 -1  1  1  1  1  1  1 -1 -1 -1 -1 -1 -1 -1  1 -1  1  1 -1  1 -1  1  1 -1 -1 
-1 -1 -1  1 -1  1  1  1 -1  1  1  1 -1 -1 -1 -1 -1 -1  1 -1  1  1 -1 -1  1 -1 -1  1  1 
-1 -1 -1  1 -1  1  1  1 -1  1  1  1 -1 -1 -1 -1 -1 -1  1 -1  1  1 -1 -1  1 -1  1 -1  1 
-1 -1 -1  1 -1  1  1  1 -1  1  1  1 -1 -1 -1 -1 -1 -1  1 -1  1  1 -1 -1  1 -1  1  1 -1 
-1 -1 -1  1 -1  1  1  1 -1  1  1  1 -1 -1 -1 -1 -1 -1  1 -1  1  1 -1 -1  1  1 -1 -1  1 
-1 -1 -1  1 -1  1  1  1 -1  1  1  1 -1 -1 -1 -1 -1 -1  1 -1  1  1 -1 -1  1  1 -1  1 -1 
-1 -1 -1  1 -1  1  1  1  1  1 -1  1 -1 -1 -1 -1 -1 -1  1 -1  1  1 -1  1  1 -1 -1 -1  1 
-1 -1 -1  1 -1  1  1  1  1  1  1 -1 -1 -1 -1 -1 -1 -1  1 -1  1  1 -1  1  1 -1  1 -1 -1 
-1 -1 -1  1 -1  1  1  1  1  1  1 -1 -1 -1 -1 -1 -1 -1  1 -1  1  1 -1  1  1  1 -1 -1 -1 
-1 -1 -1  1  1  1  1  1  1  1 -1 -1 -1 -1 -1 -1 -1 -1  1 -1  1  1  1  1  1 -1 -1 -1 -1 
-1 -1 -1  1  1  1  1  1 -1 -1  1  1 -1 -1 -1 -1  1 -1  1 -1  1  1 -1 -1 -1 -1 -1  1  1 
-1 -1 -1  1  1  1  1  1 -1 -1  1  1 -1 -1 -1 -1  1 -1  1 -1  1  1 -1 -1 -1 -1  1 -1  1 
-1 -1 -1  1  1  1  1  1 -1 -1  1  1 -1 -1 -1 -1  1 -1  1 -1  1  1 -1 -1 -1 -1  1  1 -1 
-1 -1 -1  1  1  1  1  1 -1  1  1 -1 -1 -1 -1 -1  1 -1  1 -1  1  1 -1 -1 -1  1  1 -1 -1 
-1 -1 -1  1  1  1  1  1 -1  1 -1  1 -1 -1 -1 -1  1 -1  1 -1  1  1 -1 -1  1 -1 -1 -1  1 
-1 -1 -1  1  1  1  1  1 -1  1  1 -1 -1 -1 -1 -1  1 -1  1 -1  1  1 -1 -1  1 -1  1 -1 -1 
-1 -1 -1  1  1  1  1  1 -1  1  1 -1 -1 -1 -1 -1  1 -1  1 -1  1  1 -1 -1  1  1 -1 -1 -1 
-1 -1 -1  1  1  1  1  1  1  1 -1 -1 -1 -1 -1 -1  1 -1  1 -1  1  1 -1  1  1 -1 -1 -1 -1 
-1 -1 -1  1  1  1  1  1  1 -1 -1  1 -1 -1 -1 -1  1 -1  1 -1  1  1  1 -1 -1 -1 -1 -1  1 
-1 -1 -1  1  1  1  1  1  1 -1  1 -1 -1 -1 -1 -1  1 -1  1 -1  1  1  1 -1 -1 -1  1 -1 -1 
-1 -1 -1  1  1  1  1  1  1  1 -1 -1 -1 -1 -1 -1  1 -1  1 -1  1  1  1 -1  1 -1 -1 -1 -1 
-1 -1 -1  1  1  1  1  1  1  1 -1 -1 -1 -1 -1 -1  1 -1  1 -1  1  1  1  1 -1 -1 -1 -1 -1 
-1 -1  1  1 -1 -1  1  1 -1  1  1  1 -1 -1 -1 -1 -1 -1 -1  1 -1  1 -1 -1 -1  1  1  1  1 
-1 -1  1 -1 -1  1  1  1 -1  1  1  1 -1 -1 -1 -1 -1 -1 -1  1 -1 -1 -1 -1  1  1  1  1  1 
-1 -1  1 -1  1  1  1 -1 -1  1  1  1 -1 -1 -1 -1  1 -1 -1  1 -1 -1 -1 -1  1  1  1  1 -1 
-1 -1  1 -1  1  1  1 -1  1  1  1 -1 -1 -1 -1 -1  1 -1 -1  1 -1 -1  1 -1  1  1  1 -1 -1 
-1 -1  1 -1 -1 -1  1  1  1  1  1  1 -1 -1 -1 -1 -1 -1 -1  1 -1 -1 -1  1 -1  1  1  1  1 
-1 -1  1 -1 -1  1  1 -1  1  1  1  1 -1 -1 -1 -1 -1 -1 -1  1 -1 -1 -1  1  1  1  1  1 -1 
-1 -1  1 -1  1  1  1 -1  1  1  1 -1 -1 -1 -1 -1  1 -1 -1  1 -1 -1 -1  1  1  1  1 -1 -1 
-1 -1  1 -1  1 -1  1 -1  1  1  1  1 -1 -1 -1 -1 -1 -1 -1  1 -1 -1  1  1 -1  1  1  1 -1 
-1 -1  1 -1  1  1  1 -1  1  1  1 -1 -1 -1 -1 -1 -1 -1 -1  1 -1 -1  1  1  1  1  1 -1 -1 
-1 -1  1 -1  1  1  1 -1  1  1  1 -1 -1 -1 -1 -1  1 -1 -1  1 -1 -1  1  1 -1  1  1 -1 -1 
-1 -1  1 -1 -1  1  1  1 -1  1  1  1 -1 -1 -1 -1 -1 -1 -1  1  1 -1 -1 -1  1  1 -1  1  1 
-1 -1  1 -1 -1 -1  1  1  1  1  1  1 -1 -1 -1 -1 -1 -1 -1  1  1 -1 -1  1 -1  1 -1  1  1 
-1 -1  1 -1 -1  1  1  1 -1  1  1  1 -1 -1 -1 -1 -1 -1 -1  1  1 -1 -1 -1  1  1  1 -1  1 
-1 -1  1 -1 -1  1  1  1 -1  1  1  1 -1 -1 -1 -1 -1 -1 -1  1  1 -1 -1 -1  1  1  1  1 -1 
-1 -1  1 -1  1  1  1  1 -1  1  1 -1 -1 -1 -1 -1  1 -1 -1  1  1 -1 -1 -1  1  1  1 -1 -1 
-1 -1  1 -1 -1 -1  1  1  1  1  1  1 -1 -1 -1 -1 -1 -1 -1  1  1 -1 -1  1 -1  1  1 -1  1 
-1 -1  1 -1 -1 -1  1  1  1  1  1  1 -1 -1 -1 -1 -1 -1 -1  1  1 -1 -1  1 -1  1  1  1 -1 
-1 -1  1 -1 -1  1  1  1  1  1  1 -1 -1 -1 -1 -1 -1 -1 -1  1  1 -1 -1  1  1  1  1 -1 -1 
-1 -1  1 -1  1 -1  1  1  1  1  1 -1 -1 -1 -1 -1 -1 -1 -1  1  1 -1  1  1 -1  1  1 -1 -1 
-1 -1  1  1 -1 -1  1  1 -1  1  1  1 -1 -1 -1 -1 -1 -1 -1  1  1  1 -1 -1 -1  1 -1  1  1 
-1 -1  1  1 -1 -1  1  1 -1  1  1  1 -1 -1 -1 -1 -1 -1 -1  1  1  1 -1 -1 -1  1  1 -1  1 
-1 -1  1  1 -1 -1  1  1 -1  1  1  1 -1 -1 -1 -1 -1 -1 -1  1  1  1 -1 -1 -1  1  1  1 -1 
-1 -1  1  1 -1  1  1  1 -1  1  1 -1 -1 -1 -1 -1 -1 -1 -1  1  1  1 -1 -1  1  1  1 -1 -1 
-1 -1  1  1 -1 -1  1  1  1  1  1 -1 -1 -1 -1 -1 -1 -1 -1  1  1  1 -1  1 -1  1  1 -1 -1 
-1 -1  1  1 -1  1  1  1 -1 -1  1  1 -1 -1 -1 -1 -1 -1  1  1 -1  1 -1 -1 -1 -1  1  1  1 
-1 -1  1 -1 -1  1  1  1 -1  1  1  1 -1 -1 -1 -1 -1 -1  1  1 -1 -1 -1 -1 -1  1  1  1  1 
-1 -1  1 -1 -1  1  1 -1  1  1  1  1 -1 -1 -1 -1 -1 -1  1  1 -1 -1 -1  1 -1  1  1  1 -1 
-1 -1  1 -1  1  1  1 -1  1  1  1 -1 -1 -1 -1 -1 -1 -1  1  1 -1 -1  1  1 -1  1  1 -1 -1 
-1 -1  1 -1 -1  1  1  1 -1  1  1  1 -1 -1 -1 -1 -1 -1  1  1 -1 -1 -1 -1  1 -1  1  1  1 
-1 -1  1 -1 -1  1  1  1 -1  1  1  1 -1 -1 -1 -1 -1 -1  1  1 -1 -1 -1 -1  1  1 -1  1  1 
-1 -1  1 -1 -1  1  1 -1  1  1  1  1 -1 -1 -1 -1 -1 -1  1  1 -1 -1 -1  1  1 -1  1  1 -1 
-1 -1  1 -1 -1  1  1 -1  1  1  1  1 -1 -1 -1 -1 -1 -1  1  1 -1 -1 -1  1  1  1 -1  1 -1 
-1 -1  1 -1  1  1  1 -1  1  1  1 -1 -1 -1 -1 -1 -1 -1  1  1 -1 -1  1  1  1 -1  1 -1 -1 
-1 -1  1 -1  1  1  1 -1  1  1  1 -1 -1 -1 -1 -1 -1 -1  1  1 -1 -1  1  1  1  1 -1 -1 -1 
-1 -1  1 -1 -1  1  1  1 -1  1  1  1 -1 -1 -1 -1 -1 -1  1  1  1 -1 -1 -1 -1  1 -1  1  1 
-1 -1  1 -1 -1  1  1  1 -1  1  1  1 -1 -1 -1 -1 -1 -1  1  1  1 -1 -1 -1 -1  1  1 -1  1 
-1 -1  1 -1 -1  1  1  1 -1  1  1  1 -1 -1 -1 -1 -1 -1  1  1  1 -1 -1 -1 -1  1  1  1 -1 
-1 -1  1 -1 -1  1  1  1  1  1  1 -1 -1 -1 -1 -1 -1 -1  1  1  1 -1 -1  1 -1  1  1 -1 -1 
-1 -1  1 -1 -1  1  1  1 -1  1  1  1 -1 -1 -1 -1 -1 -1  1  1  1 -1 -1 -1  1 -1 -1  1  1 
-1 -1  1 -1 -1  1  1  1 -1  1  1  1 -1 -1 -1 -1 -1 -1  1  1  1 -1 -1 -1  1 -1  1 -1  1 
-1 -1  1 -1 -1  1  1  1 -1  1  1  1 -1 -1 -1 -1 -1 -1  1  1  1 -1 -1 -1  1 -1  1  1 -1 
-1 -1  1 -1 -1  1  1  1 -1  1  1  1 -1 -1 -1 -1 -1 -1  1  1  1 -1 -1 -1  1  1 -1 -1  1 
-1 -1  1 -1 -1  1  1  1 -1  1  1  1 -1 -1 -1 -1 -1 -1  1  1  1 -1 -1 -1  1  1 -1  1 -1 
-1 -1  1 -1 -1  1  1  1  1  1 -1  1 -1 -1 -1 -1 -1 -1  1  1  1 -1 -1  1  1 -1 -1 -1  1 
-1 -1  1 -1 -1  1  1  1  1  1  1 -1 -1 -1 -1 -1 -1 -1  1  1  1 -1 -1  1  1 -1  1 -1 -1 
-1 -1  1 -1 -1  1  1  1  1  1  1 -1 -1 -1 -1 -1 -1 -1  1  1  1 -1 -1  1  1  1 -1 -1 -1 
-1 -1  1 -1  1  1  1  1  1  1 -1 -1 -1 -1 -1 -1 -1 -1  1  1  1 -1  1  1  1 -1 -1 -1 -1 
-1 -1  1  1 -1  1  1  1 -1 -1  1  1 -1 -1 -1 -1 -1 -1  1  1  1  1 -1 -1 -1 -1 -1  1  1 
-1 -1  1  1 -1  1  1  1 -1 -1  1  1 -1 -1 -1 -1 -1 -1  1  1  1  1 -1 -1 -1 -1  1 -1  1 
-1 -1  1  1 -1  1  1  1 -1 -1  1  1 -1 -1 -1 -1 -1 -1  1  1  1  1 -1 -1 -1 -1  1  1 -1 
-1 -1  1  1 -1  1  1  1 -1  1  1 -1 -1 -1 -1 -1 -1 -1  1  1  1  1 -1 -1 -1  1  1 -1 -1 
-1 -1  1  1 -1  1  1  1 -1  1 -1  1 -1 -1 -1 -1 -1 -1  1  1  1  1 -1 -1  1 -1 -1 -1  1 
-1 -1  1  1 -1  1  1  1 -1  1  1 -1 -1 -1 -1 -1 -1 -1  1  1  1  1 -1 -1  1 -1  1 -1 -1 
-1 -1  1  1 -1  1  1  1 -1  1  1 -1 -1 -1 -1 -1 -1 -1  1  1  1  1 -1 -1  1  1 -1 -1 -1 
-1 -1  1  1 -1  1  1  1  1  1 -1 -1 -1 -1 -1 -1 -1 -1  1  1  1  1 -1  1  1 -1 -1 -1 -1 
-1 -1  1 -1  1  1  1  1 -1 -1  1  1 -1 -1 -1 -1  1 -1  1  1 -1 -1 -1 -1 -1 -1  1  1  1 
-1 -1  1 -1  1  1  1 -1 -1  1  1  1 -1 -1 -1 -1  1 -1  1  1 -1 -1 -1 -1 -1  1  1  1 -1 
-1 -1  1 -1  1  1  1 -1  1  1  1 -1 -1 -1 -1 -1  1 -1  1  1 -1 -1 -1  1 -1  1  1 -1 -1 
-1 -1  1 -1  1  1  1 -1 -1  1  1  1 -1 -1 -1 -1  1 -1  1  1 -1 -1 -1 -1  1 -1  1  1 -1 
-1 -1  1 -1  1  1  1 -1 -1  1  1  1 -1 -1 -1 -1  1 -1  1  1 -1 -1 -1 -1  1  1 -1  1 -1 
-1 -1  1 -1  1  1  1 -1  1  1  1 -1 -1 -1 -1 -1  1 -1  1  1 -1 -1 -1  1  1 -1  1 -1 -1 
-1 -1  1 -1  1  1  1 -1  1  1  1 -1 -1 -1 -1 -1  1 -1  1  1 -1 -1 -1  1  1  1 -1 -1 -1 
-1 -1  1 -1  1  1  1 -1  1 -1  1  1 -1 -1 -1 -1  1 -1  1  1 -1 -1  1 -1 -1 -1  1  1 -1 
-1 -1  1 -1  1  1  1 -1  1  1  1 -1 -1 -1 -1 -1  1 -1  1  1 -1 -1  1 -1 -1  1  1 -1 -1 
-1 -1  1 -1  1  1  1 -1  1  1  1 -1 -1 -1 -1 -1  1 -1  1  1 -1 -1  1 -1  1 -1  1 -1 -1 
-1 -1  1 -1  1  1  1 -1  1  1  1 -1 -1 -1 -1 -1  1 -1  1  1 -1 -1  1 -1  1  1 -1 -1 -1 
-1 -1  1 -1  1  1  1 -1  1  1  1 -1 -1 -1 -1 -1  1 -1  1  1 -1 -1  1  1 -1 -1  1 -1 -1 
-1 -1  1 -1  1  1  1 -1  1  1  1 -1 -1 -1 -1 -1  1 -1  1  1 -1 -1  1  1 -1  1 -1 -1 -1 
-1 -1  1 -1  1  1  1  1 -1 -1  1  1 -1 -1 -1 -1  1 -1  1  1  1 -1 -1 -1 -1 -1 -1  1  1 
-1 -1  1 -1  1  1  1  1 -1 -1  1  1 -1 -1 -1 -1  1 -1  1  1  1 -1 -1 -1 -1 -1  1 -1  1 
-1 -1  1 -1  1  1  1  1 -1 -1  1  1 -1 -1 -1 -1  1 -1  1  1  1 -1 -1 -1 -1 -1  1  1 -1 
-1 -1  1 -1  1  1  1  1 -1  1  1 -1 -1 -1 -1 -1  1 -1  1  1  1 -1 -1 -1 -1  1  1 -1 -1 
-1 -1  1 -1  1  1  1  1 -1  1 -1  1 -1 -1 -1 -1  1 -1  1  1  1 -1 -1 -1  1 -1 -1 -1  1 
-1 -1  1 -1  1  1  1  1 -1  1  1 -1 -1 -1 -1 -1  1 -1  1  1  1 -1 -1 -1  1 -1  1 -1 -1 
-1 -1  1 -1  1  1  1  1 -1  1  1 -1 -1 -1 -1 -1  1 -1  1  1  1 -1 -1 -1  1  1 -1 -1 -1 
-1 -1  1 -1  1  1  1  1  1  1 -1 -1 -1 -1 -1 -1  1 -1  1  1  1 -1 -1  1  1 -1 -1 -1 -1 
-1 -1  1 -1  1  1  1  1  1 -1 -1  1 -1 -1 -1 -1  1 -1  1  1  1 -1  1 -1 -1 -1 -1 -1  1 
-1 -1  1 -1  1  1  1  1  1 -1  1 -1 -1 -1 -1 -1  1 -1  1  1  1 -1  1 -1 -1 -1  1 -1 -1 
-1 -1  1 -1  1  1  1  1  1  1 -1 -1 -1 -1 -1 -1  1 -1  1  1  1 -1  1 -1  1 -1 -1 -1 -1 
-1 -1  1 -1  1  1  1  1  1  1 -1 -1 -1 -1 -1 -1  1 -1  1  1  1 -1  1  1 -1 -1 -1 -1 -1 
-1 -1  1  1  1  1  1  1 -1 -1 -1  1 -1 -1 -1 -1  1 -1  1  1  1  1 -1 -1 -1 -1 -1 -1  1 
-1 -1  1  1  1  1  1  1 -1 -1  1 -1 -1 -1 -1 -1  1 -1  1  1  1  1 -1 -1 -1 -1  1 -1 -1 
-1 -1  1  1  1  1  1  1 -1  1 -1 -1 -1 -1 -1 -1  1 -1  1  1  1  1 -1 -1  1 -1 -1 -1 -1 
-1 -1  1  1  1  1  1  1  1 -1 -1 -1 -1 -1 -1 -1  1 -1  1  1  1  1  1 -1 -1 -1 -1 -1 -1 
-1 -1  1  1 -1  1  1  1 -1 -1  1  1 -1 -1  1 -1 -1 -1  1 -1 -1  1 -1 -1 -1 -1  1  1  1 
-1 -1  1  1 -1 -1  1  1 -1  1  1  1 -1 -1  1 -1 -1 -1 -1 -1 -1  1 -1 -1 -1  1  1  1  1 
-1 -1  1  1 -1  1 -1  1 -1  1  1  1 -1 -1  1 -1 -1 -1 -1 -1 -1  1 -1 -1  1  1 -1  1  1 
-1 -1  1  1 -1 -1 -1  1  1  1  1  1 -1 -1  1 -1 -1 -1 -1 -1 -1  1 -1  1 -1  1 -1  1  1 
-1 -1  1  1 -1 -1  1  1 -1  1  1  1 -1 -1  1 -1 -1 -1 -1 -1  1  1 -1 -1 -1  1 -1  1  1 
-1 -1  1  1 -1 -1  1  1 -1  1  1  1 -1 -1  1 -1 -1 -1 -1 -1  1  1 -1 -1 -1  1  1 -1  1 
-1 -1  1  1 -1 -1  1  1 -1  1  1  1 -1 -1  1 -1 -1 -1 -1 -1  1  1 -1 -1 -1  1  1  1 -1 
-1 -1  1  1 -1  1  1  1 -1  1  1 -1 -1 -1  1 -1 -1 -1 -1 -1  1  1 -1 -1  1  1  1 -1 -1 
-1 -1  1  1 -1 -1  1  1  1  1  1 -1 -1 -1  1 -1 -1 -1 -1 -1  1  1 -1  1 -1  1  1 -1 -1 
-1 -1  1  1 -1  1  1  1 -1 -1  1  1 -1 -1  1 -1 -1 -1  1 -1  1  1 -1 -1 -1 -1 -1  1  1 
-1 -1  1  1 -1  1  1  1 -1 -1  1  1 -1 -1  1 -1 -1 -1  1 -1  1  1 -1 -1 -1 -1  1 -1  1 
-1 -1  1  1 -1  1  1  1 -1 -1  1  1 -1 -1  1 -1 -1 -1  1 -1  1  1 -1 -1 -1 -1  1  1 -1 
-1 -1  1  1 -1  1  1  1 -1  1  1 -1 -1 -1  1 -1 -1 -1  1 -1  1  1 -1 -1 -1  1  1 -1 -1 
-1 -1  1  1 -1  1  1  1 -1  1 -1  1 -1 -1  1 -1 -1 -1  1 -1  1  1 -1 -1  1 -1 -1 -1  1 
-1 -1  1  1 -1  1  1  1 -1  1  1 -1 -1 -1  1 -1 -1 -1  1 -1  1  1 -1 -1  1 -1  1 -1 -1 
-1 -1  1  1 -1  1  1  1 -1  1  1 -1 -1 -1  1 -1 -1 -1  1 -1  1  1 -1 -1  1  1 -1 -1 -1 
-1 -1  1  1 -1  1  1  1  1  1 -1 -1 -1 -1  1 -1 -1 -1  1 -1  1  1 -1  1  1 -1 -1 -1 -1 
-1 -1  1  1  1  1  1  1 -1 -1 -1  1 -1 -1  1 -1  1 -1  1 -1  1  1 -1 -1 -1 -1 -1 -1  1 
-1 -1  1  1  1  1  1  1 -1 -1  1 -1 -1 -1  1 -1  1 -1  1 -1  1  1 -1 -1 -1 -1  1 -1 -1 
-1 -1  1  1  1  1  1  1 -1  1 -1 -1 -1 -1  1 -1  1 -1  1 -1  1  1 -1 -1  1 -1 -1 -1 -1 
-1 -1  1  1  1  1  1  1  1 -1 -1 -1 -1 -1  1 -1  1 -1  1 -1  1  1  1 -1 -1 -1 -1 -1 -1 
-1 -1  1  1 -1 -1  1  1 -1  1  1  1 -1 -1  1 -1 -1 -1 -1  1 -1 -1 -1 -1 -1  1  1  1  1 
-1 -1  1  1 -1  1  1 -1 -1  1  1  1 -1 -1  1 -1 -1 -1 -1  1 -1 -1 -1 -1  1  1  1  1 -1 
-1 -1  1  1  1  1  1 -1 -1  1  1 -1 -1 -1  1 -1  1 -1 -1  1 -1 -1 -1 -1  1  1  1 -1 -1 
-1 -1  1  1 -1 -1  1 -1  1  1  1  1 -1 -1  1 -1 -1 -1 -1  1 -1 -1 -1  1 -1  1  1  1 -1 
-1 -1  1  1 -1  1  1 -1  1  1  1 -1 -1 -1  1 -1 -1 -1 -1  1 -1 -1 -1  1  1  1  1 -1 -1 
-1 -1  1  1  1 -1  1 -1  1  1  1 -1 -1 -1  1 -1 -1 -1 -1  1 -1 -1  1  1 -1  1  1 -1 -1 
-1 -1  1  1 -1 -1  1  1 -1  1  1  1 -1 -1  1 -1 -1 -1 -1  1 -1  1 -1 -1 -1  1 -1  1  1 
-1 -1  1  1 -1 -1  1  1 -1  1  1  1 -1 -1  1 -1 -1 -1 -1  1 -1  1 -1 -1 -1  1  1 -1  1 
-1 -1  1  1 -1 -1  1  1 -1  1  1  1 -1 -1  1 -1 -1 -1 -1  1 -1  1 -1 -1 -1  1  1  1 -1 
-1 -1  1  1 -1  1  1  1 -1  1  1 -1 -1 -1  1 -1 -1 -1 -1  1 -1  1 -1 -1  1  1  1 -1 -1 
-1 -1  1  1 -1 -1  1  1  1  1  1 -1 -1 -1  1 -1 -1 -1 -1  1 -1  1 -1  1 -1  1  1 -1 -1 
-1 -1  1  1 -1 -1  1  1 -1  1  1  1 -1 -1  1 -1 -1 -1 -1  1  1 -1 -1 -1 -1  1 -1  1  1 
-1 -1  1  1 -1 -1  1  1 -1  1  1  1 -1 -1  1 -1 -1 -1 -1  1  1 -1 -1 -1 -1  1  1 -1  1 
-1 -1  1  1 -1 -1  1  1 -1  1  1  1 -1 -1  1 -1 -1 -1 -1  1  1 -1 -1 -1 -1  1  1  1 -1 
-1 -1  1  1 -1  1  1  1 -1  1  1 -1 -1 -1  1 -1 -1 -1 -1  1  1 -1 -1 -1  1  1  1 -1 -1 
-1 -1  1  1 -1 -1  1  1  1  1  1 -1 -1 -1  1 -1 -1 -1 -1  1  1 -1 -1  1 -1  1  1 -1 -1 
-1 -1  1  1 -1  1  1  1 -1 -1  1  1 -1 -1  1 -1 -1 -1  1  1 -1 -1 -1 -1 -1 -1  1  1  1 
-1 -1  1  1 -1  1  1 -1 -1  1  1  1 -1 -1  1 -1 -1 -1  1  1 -1 -1 -1 -1 -1  1  1  1 -1 
-1 -1  1  1 -1  1  1 -1  1  1  1 -1 -1 -1  1 -1 -1 -1  1  1 -1 -1 -1  1 -1  1  1 -1 -1 
-1 -1  1  1 -1  1  1 -1 -1  1  1  1 -1 -1  1 -1 -1 -1  1  1 -1 -1 -1 -1  1 -1  1  1 -1 
-1 -1  1  1 -1  1  1 -1 -1  1  1  1 -1 -1  1 -1 -1 -1  1  1 -1 -1 -1 -1  1  1 -1  1 -1 
-1 -1  1  1 -1  1  1 -1  1  1  1 -1 -1 -1  1 -1 -1 -1  1  1 -1 -1 -1  1  1 -1  1 -1 -1 
-1 -1  1  1 -1  1  1 -1  1  1  1 -1 -1 -1  1 -1 -1 -1  1  1 -1 -1 -1  1  1  1 -1 -1 -1 
-1 -1  1  1  1  1  1 -1  1  1 -1 -1 -1 -1  1 -1 -1 -1  1  1 -1 -1  1  1  1 -1 -1 -1 -1 
-1 -1  1  1 -1  1  1  1 -1 -1  1  1 -1 -1  1 -1 -1 -1  1  1 -1  1 -1 -1 -1 -1 -1  1  1 
-1 -1  1  1 -1  1  1  1 -1 -1  1  1 -1 -1  1 -1 -1 -1  1  1 -1  1 -1 -1 -1 -1  1 -1  1 
-1 -1  1  1 -1  1  1  1 -1 -1  1  1 -1 -1  1 -1 -1 -1  1  1 -1  1 -1 -1 -1 -1  1  1 -1 
-1 -1  1  1 -1  1  1  1 -1  1  1 -1 -1 -1  1 -1 -1 -1  1  1 -1  1 -1 -1 -1  1  1 -1 -1 
-1 -1  1  1 -1  1  1  1 -1  1 -1  1 -1 -1  1 -1 -1 -1  1  1 -1  1 -1 -1  1 -1 -1 -1  1 
-1 -1  1  1 -1  1  1  1 -1  1  1 -1 -1 -1  1 -1 -1 -1  1  1 -1  1 -1 -1  1 -1  1 -1 -1 
-1 -1  1  1 -1  1  1  1 -1  1  1 -1 -1 -1  1 -1 -1 -1  1  1 -1  1 -1 -1  1  1 -1 -1 -1 
-1 -1  1  1 -1  1  1  1  1  1 -1 -1 -1 -1  1 -1 -1 -1  1  1 -1  1 -1  1  1 -1 -1 -1 -1 
-1 -1  1  1 -1  1  1  1 -1 -1  1  1 -1 -1  1 -1 -1 -1  1  1  1 -1 -1 -1 -1 -1 -1  1  1 
-1 -1  1  1 -1  1  1  1 -1 -1  1  1 -1 -1  1 -1 -1 -1  1  1  1 -1 -1 -1 -1 -1  1 -1  1 
-1 -1  1  1 -1  1  1  1 -1 -1  1  1 -1 -1  1 -1 -1 -1  1  1  1 -1 -1 -1 -1 -1  1  1 -1 
-1 -1  1  1 -1  1  1  1 -1  1  1 -1 -1 -1  1 -1 -1 -1  1  1  1 -1 -1 -1 -1  1  1 -1 -1 
-1 -1  1  1 -1  1  1  1 -1  1 -1  1 -1 -1  1 -1 -1 -1  1  1  1 -1 -1 -1  1 -1 -1 -1  1 
-1 -1  1  1 -1  1  1  1 -1  1  1 -1 -1 -1  1 -1 -1 -1  1  1  1 -1 -1 -1  1 -1  1 -1 -1 
-1 -1  1  1 -1  1  1  1 -1  1  1 -1 -1 -1  1 -1 -1 -1  1  1  1 -1 -1 -1  1  1 -1 -1 -1 
-1 -1  1  1 -1  1  1  1  1  1 -1 -1 -1 -1  1 -1 -1 -1  1  1  1 -1 -1  1  1 -1 -1 -1 -1 
-1 -1  1  1  1  1  1 -1 -1 -1  1  1 -1 -1  1 -1  1 -1  1  1 -1 -1 -1 -1 -1 -1  1  1 -1 
-1 -1  1  1  1  1  1 -1 -1  1  1 -1 -1 -1  1 -1  1 -1  1  1 -1 -1 -1 -1 -1  1  1 -1 -1 
-1 -1  1  1  1  1  1 -1 -1  1  1 -1 -1 -1  1 -1  1 -1  1  1 -1 -1 -1 -1  1 -1  1 -1 -1 
-1 -1  1  1  1  1  1 -1 -1  1  1 -1 -1 -1  1 -1  1 -1  1  1 -1 -1 -1 -1  1  1 -1 -1 -1 
-1 -1  1  1  1  1  1 -1  1  1 -1 -1 -1 -1  1 -1  1 -1  1  1 -1 -1 -1  1  1 -1 -1 -1 -1 
-1 -1  1  1  1  1  1 -1  1 -1  1 -1 -1 -1  1 -1  1 -1  1  1 -1 -1  1 -1 -1 -1  1 -1 -1 
-1 -1  1  1  1  1  1 -1  1  1 -1 -1 -1 -1  1 -1  1 -1  1  1 -1 -1  1 -1  1 -1 -1 -1 -1 
-1 -1  1  1  1  1  1 -1  1  1 -1 -1 -1 -1  1 -1  1 -1  1  1 -1 -1  1  1 -1 -1 -1 -1 -1 
-1 -1  1  1  1  1  1  1 -1 -1 -1  1 -1 -1  1 -1  1 -1  1  1 -1  1 -1 -1 -1 -1 -1 -1  1 
-1 -1  1  1  1  1  1  1 -1 -1  1 -1 -1 -1  1 -1  1 -1  1  1 -1  1 -1 -1 -1 -1  1 -1 -1 
-1 -1  1  1  1  1  1  1 -1  1 -1 -1 -1 -1  1 -1  1 -1  1  1 -1  1 -1 -1  1 -1 -1 -1 -1 
-1 -1  1  1  1  1  1  1  1 -1 -1 -1 -1 -1  1 -1  1 -1  1  1 -1  1  1 -1 -1 -1 -1 -1 -1 
-1 -1  1  1  1  1  1  1 -1 -1 -1  1 -1 -1  1 -1  1 -1  1  1  1 -1 -1 -1 -1 -1 -1 -1  1 
-1 -1  1  1  1  1  1  1 -1 -1  1 -1 -1 -1  1 -1  1 -1  1  1  1 -1 -1 -1 -1 -1  1 -1 -1 
-1 -1  1  1  1  1  1  1 -1  1 -1 -1 -1 -1  1 -1  1 -1  1  1  1 -1 -1 -1  1 -1 -1 -1 -1 
-1 -1  1  1  1  1  1  1  1 -1 -1 -1 -1 -1  1 -1  1 -1  1  1  1 -1  1 -1 -1 -1 -1 -1 -1 
-1  1 -1  1 -1  1 -1  1 -1  1  1  1 -1 -1 -1 -1 -1  1 -1 -1 -1  1 -1 -1  1  1 -1  1  1 
-1  1 -1 -1 -1  1  1  1 -1  1  1  1 -1 -1 -1 -1 -1  1 -1 -1  1 -1 -1 -1  1  1 -1  1  1 
-1  1 -1 -1 -1  1  1  1 -1  1  1  1 -1 -1 -1 -1 -1  1 -1 -1 -1 -1 -1 -1  1  1  1  1  1 
-1  1 -1 -1 -1  1  1  1 -1  1  1  1 -1 -1 -1 -1 -1  1 -1 -1  1 -1 -1 -1  1  1  1 -1  1 
-1  1 -1 -1 -1  1  1  1 -1  1  1  1 -1 -1 -1 -1 -1  1 -1 -1  1 -1 -1 -1  1  1  1  1 -1 
-1  1 -1  1 -1  1  1  1 -1  1  1 -1 -1 -1 -1 -1 -1  1 -1 -1  1  1 -1 -1  1  1  1 -1 -1 
-1  1  1 -1 -1  1  1 -1 -1  1  1  1 -1 -1 -1 -1 -1  1 -1  1 -1 -1 -1 -1  1  1  1  1 -1 
-1  1  1 -1 -1  1  1  1 -1  1  1 -1 -1 -1 -1 -1 -1  1 -1  1  1 -1 -1 -1  1  1  1 -1 -1 
-1  1  1  1 -1  1  1 -1 -1  1  1 -1 -1 -1  1 -1 -1  1 -1  1 -1 -1 -1 -1  1  1  1 -1 -1 
-1  1 -1 -1 -1  1 -1  1  1  1  1  1 -1 -1 -1 -1 -1  1 -1 -1 -1 -1 -1  1  1  1 -1  1  1 
-1  1 -1 -1 -1  1  1 -1  1  1  1  1 -1 -1 -1 -1 -1  1 -1 -1 -1 -1 -1  1  1  1  1  1 -1 
-1  1 -1 -1 -1  1  1  1  1  1  1 -1 -1 -1 -1 -1 -1  1 -1 -1  1 -1 -1  1  1  1  1 -1 -1 
-1  1  1 -1 -1  1  1 -1  1  1  1 -1 -1 -1 -1 -1 -1  1 -1  1 -1 -1 -1  1  1  1  1 -1 -1 
-1  1 -1 -1  1  1 -1 -1  1  1  1  1 -1 -1 -1 -1 -1  1 -1 -1 -1 -1  1  1  1  1 -1  1 -1 
-1  1 -1 -1  1  1  1 -1  1  1  1 -1 -1 -1 -1 -1 -1  1 -1 -1 -1 -1  1  1  1  1  1 -1 -1 
-1  1 -1  1 -1  1  1  1 -1 -1  1  1 -1 -1 -1 -1 -1  1  1 -1 -1  1 -1 -1 -1 -1  1  1  1 
-1  1 -1 -1 -1  1  1  1 -1  1  1  1 -1 -1 -1 -1 -1  1  1 -1 -1 -1 -1 -1 -1  1  1  1  1 
-1  1 -1 -1 -1  1  1 -1  1  1  1  1 -1 -1 -1 -1 -1  1  1 -1 -1 -1 -1  1 -1  1  1  1 -1 
-1  1 -1 -1  1  1  1 -1  1  1  1 -1 -1 -1 -1 -1 -1  1  1 -1 -1 -1  1  1 -1  1  1 -1 -1 
-1  1 -1 -1 -1  1  1  1 -1  1  1  1 -1 -1 -1 -1 -1  1  1 -1 -1 -1 -1 -1  1 -1  1  1  1 
-1  1 -1 -1 -1  1  1  1 -1  1  1  1 -1 -1 -1 -1 -1  1  1 -1 -1 -1 -1 -1  1  1 -1  1  1 
-1  1 -1 -1 -1  1  1 -1  1  1  1  1 -1 -1 -1 -1 -1  1  1 -1 -1 -1 -1  1  1 -1  1  1 -1 
-1  1 -1 -1 -1  1  1 -1  1  1  1  1 -1 -1 -1 -1 -1  1  1 -1 -1 -1 -1  1  1  1 -1  1 -1 
-1  1 -1 -1  1  1  1 -1  1  1  1 -1 -1 -1 -1 -1 -1  1  1 -1 -1 -1  1  1  1 -1  1 -1 -1 
-1  1 -1 -1  1  1  1 -1  1  1  1 -1 -1 -1 -1 -1 -1  1  1 -1 -1 -1  1  1  1  1 -1 -1 -1 
-1  1 -1 -1 -1  1  1  1 -1  1  1  1 -1 -1 -1 -1 -1  1  1 -1  1 -1 -1 -1 -1  1 -1  1  1 
-1  1 -1 -1 -1  1  1  1 -1  1  1  1 -1 -1 -1 -1 -1  1  1 -1  1 -1 -1 -1 -1  1  1 -1  1 
-1  1 -1 -1 -1  1  1  1 -1  1  1  1 -1 -1 -1 -1 -1  1  1 -1  1 -1 -1 -1 -1  1  1  1 -1 
-1  1 -1 -1 -1  1  1  1  1  1  1 -1 -1 -1 -1 -1 -1  1  1 -1  1 -1 -1  1 -1  1  1 -1 -1 
-1  1 -1 -1 -1  1  1  1 -1  1  1  1 -1 -1 -1 -1 -1  1  1 -1  1 -1 -1 -1  1 -1 -1  1  1 
-1  1 -1 -1 -1  1  1  1 -1  1  1  1 -1 -1 -1 -1 -1  1  1 -1  1 -1 -1 -1  1 -1  1 -1  1 
-1  1 -1 -1 -1  1  1  1 -1  1  1  1 -1 -1 -1 -1 -1  1  1 -1  1 -1 -1 -1  1 -1  1  1 -1 
-1  1 -1 -1 -1  1  1  1 -1  1  1  1 -1 -1 -1 -1 -1  1  1 -1  1 -1 -1 -1  1  1 -1 -1  1 
-1  1 -1 -1 -1  1  1  1 -1  1  1  1 -1 -1 -1 -1 -1  1  1 -1  1 -1 -1 -1  1  1 -1  1 -1 
-1  1 -1 -1 -1  1  1  1  1  1 -1  1 -1 -1 -1 -1 -1  1  1 -1  1 -1 -1  1  1 -1 -1 -1  1 
-1  1 -1 -1 -1  1  1  1  1  1  1 -1 -1 -1 -1 -1 -1  1  1 -1  1 -1 -1  1  1 -1  1 -1 -1 
-1  1 -1 -1 -1  1  1  1  1  1  1 -1 -1 -1 -1 -1 -1  1  1 -1  1 -1 -1  1  1  1 -1 -1 -1 
-1  1 -1 -1  1  1  1  1  1  1 -1 -1 -1 -1 -1 -1 -1  1  1 -1  1 -1  1  1  1 -1 -1 -1 -1 
-1  1 -1  1 -1  1  1  1 -1 -1  1  1 -1 -1 -1 -1 -1  1  1 -1  1  1 -1 -1 -1 -1 -1  1  1 
-1  1 -1  1 -1  1  1  1 -1 -1  1  1 -1 -1 -1 -1 -1  1  1 -1  1  1 -1 -1 -1 -1  1 -1  1 
-1  1 -1  1 -1  1  1  1 -1 -1  1  1 -1 -1 -1 -1 -1  1  1 -1  1  1 -1 -1 -1 -1  1  1 -1 
-1  1 -1  1 -1  1  1  1 -1  1  1 -1 -1 -1 -1 -1 -1  1  1 -1  1  1 -1 -1 -1  1  1 -1 -1 
-1  1 -1  1 -1  1  1  1 -1  1 -1  1 -1 -1 -1 -1 -1  1  1 -1  1  1 -1 -1  1 -1 -1 -1  1 
-1  1 -1  1 -1  1  1  1 -1  1  1 -1 -1 -1 -1 -1 -1  1  1 -1  1  1 -1 -1  1 -1  1 -1 -1 
-1  1 -1  1 -1  1  1  1 -1  1  1 -1 -1 -1 -1 -1 -1  1  1 -1  1  1 -1 -1  1  1 -1 -1 -1 
-1  1 -1  1 -1  1  1  1  1  1 -1 -1 -1 -1 -1 -1 -1  1  1 -1  1  1 -1  1  1 -1 -1 -1 -1 
-1  1  1  1 -1  1  1  1 -1 -1 -1  1 -1 -1  1 -1 -1  1  1 -1  1  1 -1 -1 -1 -1 -1 -1  1 
-1  1  1  1 -1  1  1  1 -1 -1  1 -1 -1 -1  1 -1 -1  1  1 -1  1  1 -1 -1 -1 -1  1 -1 -1 
-1  1  1  1 -1  1  1  1 -1  1 -1 -1 -1 -1  1 -1 -1  1  1 -1  1  1 -1 -1  1 -1 -1 -1 -1 
-1  1  1 -1 -1  1  1  1 -1 -1  1  1 -1 -1 -1 -1 -1  1  1  1 -1 -1 -1 -1 -1 -1  1  1  1 
-1  1  1 -1 -1  1  1 -1 -1  1  1  1 -1 -1 -1 -1 -1  1  1  1 -1 -1 -1 -1 -1  1  1  1 -1 
-1  1  1 -1 -1  1  1 -1  1  1  1 -1 -1 -1 -1 -1 -1  1  1  1 -1 -1 -1  1 -1  1  1 -1 -1 
-1  1  1 -1 -1  1  1 -1 -1  1  1  1 -1 -1 -1 -1 -1  1  1  1 -1 -1 -1 -1  1 -1  1  1 -1 
-1  1  1 -1 -1  1  1 -1 -1  1  1  1 -1 -1 -1 -1 -1  1  1  1 -1 -1 -1 -1  1  1 -1  1 -1 
-1  1  1 -1 -1  1  1 -1  1  1  1 -1 -1 -1 -1 -1 -1  1  1  1 -1 -1 -1  1  1 -1  1 -1 -1 
-1  1  1 -1 -1  1  1 -1  1  1  1 -1 -1 -1 -1 -1 -1  1  1  1 -1 -1 -1  1  1  1 -1 -1 -1 
-1  1  1 -1  1  1  1 -1  1  1 -1 -1 -1 -1 -1 -1 -1  1  1  1 -1 -1  1  1  1 -1 -1 -1 -1 
-1  1  1 -1 -1  1  1  1 -1 -1  1  1 -1 -1 -1 -1 -1  1  1  1  1 -1 -1 -1 -1 -1 -1  1  1 
-1  1  1 -1 -1  1  1  1 -1 -1  1  1 -1 -1 -1 -1 -1  1  1  1  1 -1 -1 -1 -1 -1  1 -1  1 
-1  1  1 -1 -1  1  1  1 -1 -1  1  1 -1 -1 -1 -1 -1  1  1  1  1 -1 -1 -1 -1 -1  1  1 -1 
-1  1  1 -1 -1  1  1  1 -1  1  1 -1 -1 -1 -1 -1 -1  1  1  1  1 -1 -1 -1 -1  1  1 -1 -1 
-1  1  1 -1 -1  1  1  1 -1  1 -1  1 -1 -1 -1 -1 -1  1  1  1  1 -1 -1 -1  1 -1 -1 -1  1 
-1  1  1 -1 -1  1  1  1 -1  1  1 -1 -1 -1 -1 -1 -1  1  1  1  1 -1 -1 -1  1 -1  1 -1 -1 
-1  1  1 -1 -1  1  1  1 -1  1  1 -1 -1 -1 -1 -1 -1  1  1  1  1 -1 -1 -1  1  1 -1 -1 -1 
-1  1  1 -1 -1  1  1  1  1  1 -1 -1 -1 -1 -1 -1 -1  1  1  1  1 -1 -1  1  1 -1 -1 -1 -1 
-1  1  1  1 -1  1  1  1 -1 -1 -1  1 -1 -1 -1 -1 -1  1  1  1  1  1 -1 -1 -1 -1 -1 -1  1 
-1  1  1  1 -1  1  1  1 -1 -1  1 -1 -1 -1 -1 -1 -1  1  1  1  1  1 -1 -1 -1 -1  1 -1 -1 
-1  1  1  1 -1  1  1  1 -1  1 -1 -1 -1 -1 -1 -1 -1  1  1  1  1  1 -1 -1  1 -1 -1 -1 -1 
-1  1  1  1 -1  1  1 -1 -1 -1  1  1 -1 -1  1 -1 -1  1  1  1 -1 -1 -1 -1 -1 -1  1  1 -1 
-1  1  1  1 -1  1  1 -1 -1  1  1 -1 -1 -1  1 -1 -1  1  1  1 -1 -1 -1 -1 -1  1  1 -1 -1 
-1  1  1  1 -1  1  1 -1 -1  1  1 -1 -1 -1  1 -1 -1  1  1  1 -1 -1 -1 -1  1 -1  1 -1 -1 
-1  1  1  1 -1  1  1 -1 -1  1  1 -1 -1 -1  1 -1 -1  1  1  1 -1 -1 -1 -1  1  1 -1 -1 -1 
-1  1  1  1 -1  1  1 -1  1  1 -1 -1 -1 -1  1 -1 -1  1  1  1 -1 -1 -1  1  1 -1 -1 -1 -1 
-1  1  1  1 -1  1  1  1 -1 -1 -1  1 -1 -1  1 -1 -1  1  1  1 -1  1 -1 -1 -1 -1 -1 -1  1 
-1  1  1  1 -1  1  1  1 -1 -1  1 -1 -1 -1  1 -1 -1  1  1  1 -1  1 -1 -1 -1 -1  1 -1 -1 
-1  1  1  1 -1  1  1  1 -1  1 -1 -1 -1 -1  1 -1 -1  1  1  1 -1  1 -1 -1  1 -1 -1 -1 -1 
-1  1  1  1 -1  1  1  1 -1 -1 -1  1 -1 -1  1 -1 -1  1  1  1  1 -1 -1 -1 -1 -1 -1 -1  1 
-1  1  1  1 -1  1  1  1 -1 -1  1 -1 -1 -1  1 -1 -1  1  1  1  1 -1 -1 -1 -1 -1  1 -1 -1 
-1  1  1  1 -1  1  1  1 -1  1 -1 -1 -1 -1  1 -1 -1  1  1  1  1 -1 -1 -1  1 -1 -1 -1 -1 
-1  1 -1 -1  1  1 -1  1 -1  1  1  1 -1 -1 -1 -1  1  1 -1 -1 -1 -1 -1 -1  1  1 -1  1  1 
-1  1 -1 -1  1  1  1 -1 -1  1  1  1 -1 -1 -1 -1  1  1 -1 -1 -1 -1 -1 -1  1  1  1  1 -1 
-1  1 -1 -1  1  1  1  1 -1  1  1 -1 -1 -1 -1 -1  1  1 -1 -1  1 -1 -1 -1  1  1  1 -1 -1 
-1  1  1 -1  1  1  1 -1 -1  1  1 -1 -1 -1 -1 -1  1  1 -1  1 -1 -1 -1 -1  1  1  1 -1 -1 
-1  1 -1 -1  1  1 -1 -1  1  1  1  1 -1 -1 -1 -1  1  1 -1 -1 -1 -1 -1  1  1  1 -1  1 -1 
-1  1 -1 -1  1  1  1 -1  1  1  1 -1 -1 -1 -1 -1  1  1 -1 -1 -1 -1 -1  1  1  1  1 -1 -1 
-1  1 -1 -1  1  1 -1 -1  1  1  1  1 -1 -1 -1 -1  1  1 -1 -1 -1 -1  1 -1  1  1 -1  1 -1 
-1  1 -1 -1  1  1  1 -1  1  1  1 -1 -1 -1 -1 -1  1  1 -1 -1 -1 -1  1 -1  1  1  1 -1 -1 
-1  1 -1 -1  1  1 -1 -1  1  1  1  1 -1 -1 -1 -1  1  1 -1 -1 -1 -1  1  1 -1  1 -1  1 -1 
-1  1 -1 -1  1  1  1 -1  1  1  1 -1 -1 -1 -1 -1  1  1 -1 -1 -1 -1  1  1 -1  1  1 -1 -1 
-1  1 -1 -1  1  1  1  1 -1 -1  1  1 -1 -1 -1 -1  1  1  1 -1 -1 -1 -1 -1 -1 -1  1  1  1 
-1  1 -1 -1  1  1  1 -1 -1  1  1  1 -1 -1 -1 -1  1  1  1 -1 -1 -1 -1 -1 -1  1  1  1 -1 
-1  1 -1 -1  1  1  1 -1  1  1  1 -1 -1 -1 -1 -1  1  1  1 -1 -1 -1 -1  1 -1  1  1 -1 -1 
-1  1 -1 -1  1  1  1 -1 -1  1  1  1 -1 -1 -1 -1  1  1  1 -1 -1 -1 -1 -1  1 -1  1  1 -1 
-1  1 -1 -1  1  1  1 -1 -1  1  1  1 -1 -1 -1 -1  1  1  1 -1 -1 -1 -1 -1  1  1 -1  1 -1 
-1  1 -1 -1  1  1  1 -1  1  1  1 -1 -1 -1 -1 -1  1  1  1 -1 -1 -1 -1  1  1 -1  1 -1 -1 
-1  1 -1 -1  1  1  1 -1  1  1  1 -1 -1 -1 -1 -1  1  1  1 -1 -1 -1 -1  1  1  1 -1 -1 -1 
-1  1 -1 -1  1  1  1 -1  1 -1  1  1 -1 -1 -1 -1  1  1  1 -1 -1 -1  1 -1 -1 -1  1  1 -1 
-1  1 -1 -1  1  1  1 -1  1  1  1 -1 -1 -1 -1 -1  1  1  1 -1 -1 -1  1 -1 -1  1  1 -1 -1 
-1  1 -1 -1  1  1  1 -1  1  1  1 -1 -1 -1 -1 -1  1  1  1 -1 -1 -1  1 -1  1 -1  1 -1 -1 
-1  1 -1 -1  1  1  1 -1  1  1  1 -1 -1 -1 -1 -1  1  1  1 -1 -1 -1  1 -1  1  1 -1 -1 -1 
-1  1 -1 -1  1  1  1 -1  1  1  1 -1 -1 -1 -1 -1  1  1  1 -1 -1 -1  1  1 -1 -1  1 -1 -1 
-1  1 -1 -1  1  1  1 -1  1  1  1 -1 -1 -1 -1 -1  1  1  1 -1 -1 -1  1  1 -1  1 -1 -1 -1 
-1  1 -1 -1  1  1  1  1 -1 -1  1  1 -1 -1 -1 -1  1  1  1 -1  1 -1 -1 -1 -1 -1 -1  1  1 
-1  1 -1 -1  1  1  1  1 -1 -1  1  1 -1 -1 -1 -1  1  1  1 -1  1 -1 -1 -1 -1 -1  1 -1  1 
-1  1 -1 -1  1  1  1  1 -1 -1  1  1 -1 -1 -1 -1  1  1  1 -1  1 -1 -1 -1 -1 -1  1  1 -1 
-1  1 -1 -1  1  1  1  1 -1  1  1 -1 -1 -1 -1 -1  1  1  1 -1  1 -1 -1 -1 -1  1  1 -1 -1 
-1  1 -1 -1  1  1  1  1 -1  1 -1  1 -1 -1 -1 -1  1  1  1 -1  1 -1 -1 -1  1 -1 -1 -1  1 
-1  1 -1 -1  1  1  1  1 -1  1  1 -1 -1 -1 -1 -1  1  1  1 -1  1 -1 -1 -1  1 -1  1 -1 -1 
-1  1 -1 -1  1  1  1  1 -1  1  1 -1 -1 -1 -1 -1  1  1  1 -1  1 -1 -1 -1  1  1 -1 -1 -1 
-1  1 -1 -1  1  1  1  1  1  1 -1 -1 -1 -1 -1 -1  1  1  1 -1  1 -1 -1  1  1 -1 -1 -1 -1 
-1  1 -1 -1  1  1  1  1  1 -1 -1  1 -1 -1 -1 -1  1  1  1 -1  1 -1  1 -1 -1 -1 -1 -1  1 
-1  1 -1 -1  1  1  1  1  1 -1  1 -1 -1 -1 -1 -1  1  1  1 -1  1 -1  1 -1 -1 -1  1 -1 -1 
-1  1 -1 -1  1  1  1  1  1  1 -1 -1 -1 -1 -1 -1  1  1  1 -1  1 -1  1 -1  1 -1 -1 -1 -1 
-1  1 -1 -1  1  1  1  1  1  1 -1 -1 -1 -1 -1 -1  1  1  1 -1  1 -1  1  1 -1 -1 -1 -1 -1 
-1  1 -1  1  1  1  1  1 -1 -1 -1  1 -1 -1 -1 -1  1  1  1 -1  1  1 -1 -1 -1 -1 -1 -1  1 
-1  1 -1  1  1  1  1  1 -1 -1  1 -1 -1 -1 -1 -1  1  1  1 -1  1  1 -1 -1 -1 -1  1 -1 -1 
-1  1 -1  1  1  1  1  1 -1  1 -1 -1 -1 -1 -1 -1  1  1  1 -1  1  1 -1 -1  1 -1 -1 -1 -1 
-1  1 -1  1  1  1  1  1  1 -1 -1 -1 -1 -1 -1 -1  1  1  1 -1  1  1  1 -1 -1 -1 -1 -1 -1 
-1  1  1  1  1  1  1  1 -1 -1 -1 -1 -1 -1  1 -1  1  1  1 -1  1  1 -1 -1 -1 -1 -1 -1 -1 
-1  1  1 -1  1  1  1 -1 -1 -1  1  1 -1 -1 -1 -1  1  1  1  1 -1 -1 -1 -1 -1 -1  1  1 -1 
-1  1  1 -1  1  1  1 -1 -1  1  1 -1 -1 -1 -1 -1  1  1  1  1 -1 -1 -1 -1 -1  1  1 -1 -1 
-1  1  1 -1  1  1  1 -1 -1  1  1 -1 -1 -1 -1 -1  1  1  1  1 -1 -1 -1 -1  1 -1  1 -1 -1 
-1  1  1 -1  1  1  1 -1 -1  1  1 -1 -1 -1 -1 -1  1  1  1  1 -1 -1 -1 -1  1  1 -1 -1 -1 
-1  1  1 -1  1  1  1 -1  1  1 -1 -1 -1 -1 -1 -1  1  1  1  1 -1 -1 -1  1  1 -1 -1 -1 -1 
-1  1  1 -1  1  1  1 -1  1 -1  1 -1 -1 -1 -1 -1  1  1  1  1 -1 -1  1 -1 -1 -1  1 -1 -1 
-1  1  1 -1  1  1  1 -1  1  1 -1 -1 -1 -1 -1 -1  1  1  1  1 -1 -1  1 -1  1 -1 -1 -1 -1 
-1  1  1 -1  1  1  1 -1  1  1 -1 -1 -1 -1 -1 -1  1  1  1  1 -1 -1  1  1 -1 -1 -1 -1 -1 
-1  1  1 -1  1  1  1  1 -1 -1 -1  1 -1 -1 -1 -1  1  1  1  1  1 -1 -1 -1 -1 -1 -1 -1  1 
-1  1  1 -1  1  1  1  1 -1 -1  1 -1 -1 -1 -1 -1  1  1  1  1  1 -1 -1 -1 -1 -1  1 -1 -1 
-1  1  1 -1  1  1  1  1 -1  1 -1 -1 -1 -1 -1 -1  1  1  1  1  1 -1 -1 -1  1 -1 -1 -1 -1 
-1  1  1 -1  1  1  1  1  1 -1 -1 -1 -1 -1 -1 -1  1  1  1  1  1 -1  1 -1 -1 -1 -1 -1 -1 
-1  1  1  1  1  1  1  1 -1 -1 -1 -1 -1 -1 -1 -1  1  1  1  1  1  1 -1 -1 -1 -1 -1 -1 -1 
-1  1  1  1  1  1  1 -1 -1 -1  1 -1 -1 -1  1 -1  1  1  1  1 -1 -1 -1 -1 -1 -1  1 -1 -1 
-1  1  1  1  1  1  1 -1 -1  1 -1 -1 -1 -1  1 -1  1  1  1  1 -1 -1 -1 -1  1 -1 -1 -1 -1 
-1  1  1  1  1  1  1 -1  1 -1 -1 -1 -1 -1  1 -1  1  1  1  1 -1 -1  1 -1 -1 -1 -1 -1 -1 
-1  1  1  1  1  1  1  1 -1 -1 -1 -1 -1 -1  1 -1  1  1  1  1 -1  1 -1 -1 -1 -1 -1 -1 -1 
-1  1  1  1  1  1  1  1 -1 -1 -1 -1 -1 -1  1 -1  1  1  1  1  1 -1 -1 -1 -1 -1 -1 -1 -1 
-1  1  1  1 -1 -1  1  1 -1 -1  1  1 -1  1 -1 -1 -1 -1 -1  1 -1  1 -1 -1 -1 -1  1  1  1 
-1  1  1 -1 -1 -1  1  1 -1  1  1  1 -1  1 -1 -1 -1 -1 -1  1 -1 -1 -1 -1 -1  1  1  1  1 
-1  1  1 -1 -1  1  1 -1 -1  1  1  1 -1  1 -1 -1 -1 -1 -1  1 -1 -1 -1 -1  1  1  1  1 -1 
-1  1  1 -1  1  1  1 -1 -1  1  1 -1 -1  1 -1 -1  1 -1 -1  1 -1 -1 -1 -1  1  1  1 -1 -1 
-1  1  1 -1 -1 -1  1 -1  1  1  1  1 -1  1 -1 -1 -1 -1 -1  1 -1 -1 -1  1 -1  1  1  1 -1 
-1  1  1 -1 -1  1  1 -1  1  1  1 -1 -1  1 -1 -1 -1 -1 -1  1 -1 -1 -1  1  1  1  1 -1 -1 
-1  1  1 -1  1 -1  1 -1  1  1  1 -1 -1  1 -1 -1 -1 -1 -1  1 -1 -1  1  1 -1  1  1 -1 -1 
-1  1  1 -1 -1 -1  1  1 -1  1  1  1 -1  1 -1 -1 -1 -1 -1  1  1 -1 -1 -1 -1  1 -1  1  1 
-1  1  1 -1 -1 -1  1  1 -1  1  1  1 -1  1 -1 -1 -1 -1 -1  1  1 -1 -1 -1 -1  1  1 -1  1 
-1  1  1 -1 -1 -1  1  1 -1  1  1  1 -1  1 -1 -1 -1 -1 -1  1  1 -1 -1 -1 -1  1  1  1 -1 
-1  1  1 -1 -1  1  1  1 -1  1  1 -1 -1  1 -1 -1 -1 -1 -1  1  1 -1 -1 -1  1  1  1 -1 -1 
-1  1  1 -1 -1 -1  1  1  1  1  1 -1 -1  1 -1 -1 -1 -1 -1  1  1 -1 -1  1 -1  1  1 -1 -1 
-1  1  1  1 -1 -1  1  1 -1 -1  1  1 -1  1 -1 -1 -1 -1 -1  1  1  1 -1 -1 -1 -1 -1  1  1 
-1  1  1  1 -1 -1  1  1 -1 -1  1  1 -1  1 -1 -1 -1 -1 -1  1  1  1 -1 -1 -1 -1  1 -1  1 
-1  1  1  1 -1 -1  1  1 -1 -1  1  1 -1  1 -1 -1 -1 -1 -1  1  1  1 -1 -1 -1 -1  1  1 -1 
-1  1  1  1 -1 -1  1  1 -1  1  1 -1 -1  1 -1 -1 -1 -1 -1  1  1  1 -1 -1 -1  1  1 -1 -1 
-1  1  1 -1 -1  1  1  1 -1 -1  1  1 -1  1 -1 -1 -1 -1  1  1 -1 -1 -1 -1 -1 -1  1  1  1 
-1  1  1 -1 -1  1  1 -1 -1  1  1  1 -1  1 -1 -1 -1 -1  1  1 -1 -1 -1 -1 -1  1  1  1 -1 
-1  1  1 -1 -1  1  1 -1  1  1  1 -1 -1  1 -1 -1 -1 -1  1  1 -1 -1 -1  1 -1  1  1 -1 -1 
-1  1  1 -1 -1  1  1 -1 -1  1  1  1 -1  1 -1 -1 -1 -1  1  1 -1 -1 -1 -1  1 -1  1  1 -1 
-1  1  1 -1 -1  1  1 -1 -1  1  1  1 -1  1 -1 -1 -1 -1  1  1 -1 -1 -1 -1  1  1 -1  1 -1 
-1  1  1 -1 -1  1  1 -1  1  1  1 -1 -1  1 -1 -1 -1 -1  1  1 -1 -1 -1  1  1 -1  1 -1 -1 
-1  1  1 -1 -1  1  1 -1  1  1  1 -1 -1  1 -1 -1 -1 -1  1  1 -1 -1 -1  1  1  1 -1 -1 -1 
-1  1  1 -1  1  1  1 -1  1  1 -1 -1 -1  1 -1 -1 -1 -1  1  1 -1 -1  1  1  1 -1 -1 -1 -1 
-1  1  1 -1 -1  1  1  1 -1 -1  1  1 -1  1 -1 -1 -1 -1  1  1  1 -1 -1 -1 -1 -1 -1  1  1 
-1  1  1 -1 -1  1  1  1 -1 -1  1  1 -1  1 -1 -1 -1 -1  1  1  1 -1 -1 -1 -1 -1  1 -1  1 
-1  1  1 -1 -1  1  1  1 -1 -1  1  1 -1  1 -1 -1 -1 -1  1  1  1 -1 -1 -1 -1 -1  1  1 -1 
-1  1  1 -1 -1  1  1  1 -1  1  1 -1 -1  1 -1 -1 -1 -1  1  1  1 -1 -1 -1 -1  1  1 -1 -1 
-1  1  1 -1 -1  1  1  1 -1  1 -1  1 -1  1 -1 -1 -1 -1  1  1  1 -1 -1 -1  1 -1 -1 -1  1 
-1  1  1 -1 -1  1  1  1 -1  1  1 -1 -1  1 -1 -1 -1 -1  1  1  1 -1 -1 -1  1 -1  1 -1 -1 
-1  1  1 -1 -1  1  1  1 -1  1  1 -1 -1  1 -1 -1 -1 -1  1  1  1 -1 -1 -1  1  1 -1 -1 -1 
-1  1  1 -1 -1  1  1  1  1  1 -1 -1 -1  1 -1 -1 -1 -1  1  1  1 -1 -1  1  1 -1 -1 -1 -1 
-1  1  1  1 -1  1  1  1 -1 -1 -1  1 -1  1 -1 -1 -1 -1  1  1  1  1 -1 -1 -1 -1 -1 -1  1 
-1  1  1  1 -1  1  1  1 -1 -1  1 -1 -1  1 -1 -1 -1 -1  1  1  1  1 -1 -1 -1 -1  1 -1 -1 
-1  1  1  1 -1  1  1  1 -1  1 -1 -1 -1  1 -1 -1 -1 -1  1  1  1  1 -1 -1  1 -1 -1 -1 -1 
-1  1  1 -1  1  1  1 -1 -1 -1  1  1 -1  1 -1 -1  1 -1  1  1 -1 -1 -1 -1 -1 -1  1  1 -1 
-1  1  1 -1  1  1  1 -1 -1  1  1 -1 -1  1 -1 -1  1 -1  1  1 -1 -1 -1 -1 -1  1  1 -1 -1 
-1  1  1 -1  1  1  1 -1 -1  1  1 -1 -1  1 -1 -1  1 -1  1  1 -1 -1 -1 -1  1 -1  1 -1 -1 
-1  1  1 -1  1  1  1 -1 -1  1  1 -1 -1  1 -1 -1  1 -1  1  1 -1 -1 -1 -1  1  1 -1 -1 -1 
-1  1  1 -1  1  1  1 -1  1  1 -1 -1 -1  1 -1 -1  1 -1  1  1 -1 -1 -1  1  1 -1 -1 -1 -1 
-1  1  1 -1  1  1  1 -1  1 -1  1 -1 -1  1 -1 -1  1 -1  1  1 -1 -1  1 -1 -1 -1  1 -1 -1 
-1  1  1 -1  1  1  1 -1  1  1 -1 -1 -1  1 -1 -1  1 -1  1  1 -1 -1  1 -1  1 -1 -1 -1 -1 
-1  1  1 -1  1  1  1 -1  1  1 -1 -1 -1  1 -1 -1  1 -1  1  1 -1 -1  1  1 -1 -1 -1 -1 -1 
-1  1  1 -1  1  1  1  1 -1 -1 -1  1 -1  1 -1 -1  1 -1  1  1  1 -1 -1 -1 -1 -1 -1 -1  1 
-1  1  1 -1  1  1  1  1 -1 -1  1 -1 -1  1 -1 -1  1 -1  1  1  1 -1 -1 -1 -1 -1  1 -1 -1 
-1  1  1 -1  1  1  1  1 -1  1 -1 -1 -1  1 -1 -1  1 -1  1  1  1 -1 -1 -1  1 -1 -1 -1 -1 
-1  1  1 -1  1  1  1  1  1 -1 -1 -1 -1  1 -1 -1  1 -1  1  1  1 -1  1 -1 -1 -1 -1 -1 -1 
-1  1  1  1  1  1  1  1 -1 -1 -1 -1 -1  1 -1 -1  1 -1  1  1  1  1 -1 -1 -1 -1 -1 -1 -1 
-1  1  1 -1 -1  1 -1  1 -1  1  1  1 -1  1 -1 -1 -1  1 -1 -1 -1 -1 -1 -1  1  1 -1  1  1 
-1  1  1 -1 -1  1  1 -1 -1  1  1  1 -1  1 -1 -1 -1  1 -1 -1 -1 -1 -1 -1  1  1  1  1 -1 
-1  1  1 -1 -1  1  1  1 -1  1  1 -1 -1  1 -1 -1 -1  1 -1 -1  1 -1 -1 -1  1  1  1 -1 -1 
-1  1  1 -1 -1  1 -1 -1  1  1  1  1 -1  1 -1 -1 -1  1 -1 -1 -1 -1 -1  1  1  1 -1  1 -1 
-1  1  1 -1 -1  1  1 -1  1  1  1 -1 -1  1 -1 -1 -1  1 -1 -1 -1 -1 -1  1  1  1  1 -1 -1 
-1  1  1 -1  1  1 -1 -1  1  1  1 -1 -1  1 -1 -1 -1  1 -1 -1 -1 -1  1  1  1  1 -1 -1 -1 
-1  1  1 -1 -1  1  1  1 -1 -1  1  1 -1  1 -1 -1 -1  1 -1  1 -1 -1 -1 -1 -1 -1  1  1  1 
-1  1  1 -1 -1  1  1 -1 -1  1  1  1 -1  1 -1 -1 -1  1 -1  1 -1 -1 -1 -1 -1  1  1  1 -1 
-1  1  1 -1 -1  1  1 -1  1  1  1 -1 -1  1 -1 -1 -1  1 -1  1 -1 -1 -1  1 -1  1  1 -1 -1 
-1  1  1 -1 -1  1  1 -1 -1  1  1  1 -1  1 -1 -1 -1  1 -1  1 -1 -1 -1 -1  1 -1  1  1 -1 
-1  1  1 -1 -1  1  1 -1 -1  1  1  1 -1  1 -1 -1 -1  1 -1  1 -1 -1 -1 -1  1  1 -1  1 -1 
-1  1  1 -1 -1  1  1 -1  1  1  1 -1 -1  1 -1 -1 -1  1 -1  1 -1 -1 -1  1  1 -1  1 -1 -1 
-1  1  1 -1 -1  1  1 -1  1  1  1 -1 -1  1 -1 -1 -1  1 -1  1 -1 -1 -1  1  1  1 -1 -1 -1 
-1  1  1 -1  1  1  1 -1  1  1 -1 -1 -1  1 -1 -1 -1  1 -1  1 -1 -1  1  1  1 -1 -1 -1 -1 
-1  1  1 -1 -1  1  1  1 -1 -1  1  1 -1  1 -1 -1 -1  1 -1  1  1 -1 -1 -1 -1 -1 -1  1  1 
-1  1  1 -1 -1  1  1  1 -1 -1  1  1 -1  1 -1 -1 -1  1 -1  1  1 -1 -1 -1 -1 -1  1 -1  1 
-1  1  1 -1 -1  1  1  1 -1 -1  1  1 -1  1 -1 -1 -1  1 -1  1  1 -1 -1 -1 -1 -1  1  1 -1 
-1  1  1 -1 -1  1  1  1 -1  1  1 -1 -1  1 -1 -1 -1  1 -1  1  1 -1 -1 -1 -1  1  1 -1 -1 
-1  1  1 -1 -1  1  1  1 -1  1 -1  1 -1  1 -1 -1 -1  1 -1  1  1 -1 -1 -1  1 -1 -1 -1  1 
-1  1  1 -1 -1  1  1  1 -1  1  1 -1 -1  1 -1 -1 -1  1 -1  1  1 -1 -1 -1  1 -1  1 -1 -1 
-1  1  1 -1 -1  1  1  1 -1  1  1 -1 -1  1 -1 -1 -1  1 -1  1  1 -1 -1 -1  1  1 -1 -1 -1 
-1  1  1 -1 -1  1  1  1  1  1 -1 -1 -1  1 -1 -1 -1  1 -1  1  1 -1 -1  1  1 -1 -1 -1 -1 
-1  1  1  1 -1  1  1  1 -1 -1 -1  1 -1  1 -1 -1 -1  1 -1  1  1  1 -1 -1 -1 -1 -1 -1  1 
-1  1  1  1 -1  1  1  1 -1 -1  1 -1 -1  1 -1 -1 -1  1 -1  1  1  1 -1 -1 -1 -1  1 -1 -1 
-1  1  1  1 -1  1  1  1 -1  1 -1 -1 -1  1 -1 -1 -1  1 -1  1  1  1 -1 -1  1 -1 -1 -1 -1 
-1  1  1 -1 -1  1  1  1 -1 -1  1  1 -1  1 -1 -1 -1  1  1 -1 -1 -1 -1 -1 -1 -1  1  1  1 
-1  1  1 -1 -1  1  1 -1 -1  1  1  1 -1  1 -1 -1 -1  1  1 -1 -1 -1 -1 -1 -1  1  1  1 -1 
-1  1  1 -1 -1  1  1 -1  1  1  1 -1 -1  1 -1 -1 -1  1  1 -1 -1 -1 -1  1 -1  1  1 -1 -1 
-1  1  1 -1 -1  1  1 -1 -1  1  1  1 -1  1 -1 -1 -1  1  1 -1 -1 -1 -1 -1  1 -1  1  1 -1 
-1  1  1 -1 -1  1  1 -1 -1  1  1  1 -1  1 -1 -1 -1  1  1 -1 -1 -1 -1 -1  1  1 -1  1 -1 
-1  1  1 -1 -1  1  1 -1  1  1  1 -1 -1  1 -1 -1 -1  1  1 -1 -1 -1 -1  1  1 -1  1 -1 -1 
-1  1  1 -1 -1  1  1 -1  1  1  1 -1 -1  1 -1 -1 -1  1  1 -1 -1 -1 -1  1  1  1 -1 -1 -1 
-1  1  1 -1  1  1  1 -1  1  1 -1 -1 -1  1 -1 -1 -1  1  1 -1 -1 -1  1  1  1 -1 -1 -1 -1 
-1  1  1 -1 -1  1  1  1 -1 -1  1  1 -1  1 -1 -1 -1  1  1 -1  1 -1 -1 -1 -1 -1 -1  1  1 
-1  1  1 -1 -1  1  1  1 -1 -1  1  1 -1  1 -1 -1 -1  1  1 -1  1 -1 -1 -1 -1 -1  1 -1  1 
-1  1  1 -1 -1  1  1  1 -1 -1  1  1 -1  1 -1 -1 -1  1  1 -1  1 -1 -1 -1 -1 -1  1  1 -1 
-1  1  1 -1 -1  1  1  1 -1  1  1 -1 -1  1 -1 -1 -1  1  1 -1  1 -1 -1 -1 -1  1  1 -1 -1 
-1  1  1 -1 -1  1  1  1 -1  1 -1  1 -1  1 -1 -1 -1  1  1 -1  1 -1 -1 -1  1 -1 -1 -1  1 
-1  1  1 -1 -1  1  1  1 -1  1  1 -1 -1  1 -1 -1 -1  1  1 -1  1 -1 -1 -1  1 -1  1 -1 -1 
-1  1  1 -1 -1  1  1  1 -1  1  1 -1 -1  1 -1 -1 -1  1  1 -1  1 -1 -1 -1  1  1 -1 -1 -1 
-1  1  1 -1 -1  1  1  1  1  1 -1 -1 -1  1 -1 -1 -1  1  1 -1  1 -1 -1  1  1 -1 -1 -1 -1 
-1  1  1  1 -1  1  1  1 -1 -1 -1  1 -1  1 -1 -1 -1  1  1 -1  1  1 -1 -1 -1 -1 -1 -1  1 
-1  1  1  1 -1  1  1  1 -1 -1  1 -1 -1  1 -1 -1 -1  1  1 -1  1  1 -1 -1 -1 -1  1 -1 -1 
-1  1  1  1 -1  1  1  1 -1  1 -1 -1 -1  1 -1 -1 -1  1  1 -1  1  1 -1 -1  1 -1 -1 -1 -1 
-1  1  1 -1  1  1 -1 -1 -1  1  1  1 -1  1 -1 -1  1  1 -1 -1 -1 -1 -1 -1  1  1 -1  1 -1 
-1  1  1 -1  1  1  1 -1 -1  1  1 -1 -1  1 -1 -1  1  1 -1 -1 -1 -1 -1 -1  1  1  1 -1 -1 
-1  1  1 -1  1  1 -1 -1  1  1  1 -1 -1  1 -1 -1  1  1 -1 -1 -1 -1 -1  1  1  1 -1 -1 -1 
-1  1  1 -1  1  1 -1 -1  1  1  1 -1 -1  1 -1 -1  1  1 -1 -1 -1 -1  1 -1  1  1 -1 -1 -1 
-1  1  1 -1  1  1 -1 -1  1  1  1 -1 -1  1 -1 -1  1  1 -1 -1 -1 -1  1  1 -1  1 -1 -1 -1 
-1  1  1 -1  1  1  1 -1 -1 -1  1  1 -1  1 -1 -1  1  1 -1  1 -1 -1 -1 -1 -1 -1  1  1 -1 
-1  1  1 -1  1  1  1 -1 -1  1  1 -1 -1  1 -1 -1  1  1 -1  1 -1 -1 -1 -1 -1  1  1 -1 -1 
-1  1  1 -1  1  1  1 -1 -1  1  1 -1 -1  1 -1 -1  1  1 -1  1 -1 -1 -1 -1  1 -1  1 -1 -1 
-1  1  1 -1  1  1  1 -1 -1  1  1 -1 -1  1 -1 -1  1  1 -1  1 -1 -1 -1 -1  1  1 -1 -1 -1 
-1  1  1 -1  1  1  1 -1  1  1 -1 -1 -1  1 -1 -1  1  1 -1  1 -1 -1 -1  1  1 -1 -1 -1 -1 
-1  1  1 -1  1  1  1 -1  1 -1  1 -1 -1  1 -1 -1  1  1 -1  1 -1 -1  1 -1 -1 -1  1 -1 -1 
-1  1  1 -1  1  1  1 -1  1  1 -1 -1 -1  1 -1 -1  1  1 -1  1 -1 -1  1 -1  1 -1 -1 -1 -1 
-1  1  1 -1  1  1  1 -1  1  1 -1 -1 -1  1 -1 -1  1  1 -1  1 -1 -1  1  1 -1 -1 -1 -1 -1 
-1  1  1 -1  1  1  1  1 -1 -1 -1  1 -1  1 -1 -1  1  1 -1  1  1 -1 -1 -1 -1 -1 -1 -1  1 
-1  1  1 -1  1  1  1  1 -1 -1  1 -1 -1  1 -1 -1  1  1 -1  1  1 -1 -1 -1 -1 -1  1 -1 -1 
-1  1  1 -1  1  1  1  1 -1  1 -1 -1 -1  1 -1 -1  1  1 -1  1  1 -1 -1 -1  1 -1 -1 -1 -1 
-1  1  1 -1  1  1  1  1  1 -1 -1 -1 -1  1 -1 -1  1  1 -1  1  1 -1  1 -1 -1 -1 -1 -1 -1 
-1  1  1  1  1  1  1  1 -1 -1 -1 -1 -1  1 -1 -1  1  1 -1  1  1  1 -1 -1 -1 -1 -1 -1 -1 
-1  1  1 -1  1  1  1 -1 -1 -1  1  1 -1  1 -1 -1  1  1  1 -1 -1 -1 -1 -1 -1 -1  1  1 -1 
-1  1  1 -1  1  1  1 -1 -1  1  1 -1 -1  1 -1 -1  1  1  1 -1 -1 -1 -1 -1 -1  1  1 -1 -1 
-1  1  1 -1  1  1  1 -1 -1  1  1 -1 -1  1 -1 -1  1  1  1 -1 -1 -1 -1 -1  1 -1  1 -1 -1 
-1  1  1 -1  1  1  1 -1 -1  1  1 -1 -1  1 -1 -1  1  1  1 -1 -1 -1 -1 -1  1  1 -1 -1 -1 
-1  1  1 -1  1  1  1 -1  1  1 -1 -1 -1  1 -1 -1  1  1  1 -1 -1 -1 -1  1  1 -1 -1 -1 -1 
-1  1  1 -1  1  1  1 -1  1 -1  1 -1 -1  1 -1 -1  1  1  1 -1 -1 -1  1 -1 -1 -1  1 -1 -1 
-1  1  1 -1  1  1  1 -1  1  1 -1 -1 -1  1 -1 -1  1  1  1 -1 -1 -1  1 -1  1 -1 -1 -1 -1 
-1  1  1 -1  1  1  1 -1  1  1 -1 -1 -1  1 -1 -1  1  1  1 -1 -1 -1  1  1 -1 -1 -1 -1 -1 
-1  1  1 -1  1  1  1  1 -1 -1 -1  1 -1  1 -1 -1  1  1  1 -1  1 -1 -1 -1 -1 -1 -1 -1  1 
-1  1  1 -1  1  1  1  1 -1 -1  1 -1 -1  1 -1 -1  1  1  1 -1  1 -1 -1 -1 -1 -1  1 -1 -1 
-1  1  1 -1  1  1  1  1 -1  1 -1 -1 -1  1 -1 -1  1  1  1 -1  1 -1 -1 -1  1 -1 -1 -1 -1 
-1  1  1 -1  1  1  1  1  1 -1 -1 -1 -1  1 -1 -1  1  1  1 -1  1 -1  1 -1 -1 -1 -1 -1 -1 
-1  1  1  1  1  1  1  1 -1 -1 -1 -1 -1  1 -1 -1  1  1  1 -1  1  1 -1 -1 -1 -1 -1 -1 -1 
-1  1  1  1 -1 -1  1  1 -1 -1  1  1 -1  1  1 -1 -1 -1 -1 -1 -1  1 -1 -1 -1 -1  1  1  1 
-1  1  1  1 -1 -1 -1  1 -1  1  1  1 -1  1  1 -1 -1 -1 -1 -1 -1  1 -1 -1 -1  1 -1  1  1 
-1  1  1  1 -1 -1  1  1 -1 -1  1  1 -1  1  1 -1 -1 -1 -1 -1  1  1 -1 -1 -1 -1 -1  1  1 
-1  1  1  1 -1 -1  1  1 -1 -1  1  1 -1  1  1 -1 -1 -1 -1 -1  1  1 -1 -1 -1 -1  1 -1  1 
-1  1  1  1 -1 -1  1  1 -1 -1  1  1 -1  1  1 -1 -1 -1 -1 -1  1  1 -1 -1 -1 -1  1  1 -1 
-1  1  1  1 -1 -1  1  1 -1  1  1 -1 -1  1  1 -1 -1 -1 -1 -1  1  1 -1 -1 -1  1  1 -1 -1 
-1  1  1  1 -1  1  1  1 -1 -1 -1  1 -1  1  1 -1 -1 -1  1 -1  1  1 -1 -1 -1 -1 -1 -1  1 
-1  1  1  1 -1  1  1  1 -1 -1  1 -1 -1  1  1 -1 -1 -1  1 -1  1  1 -1 -1 -1 -1  1 -1 -1 
-1  1  1  1 -1  1  1  1 -1  1 -1 -1 -1  1  1 -1 -1 -1  1 -1  1  1 -1 -1  1 -1 -1 -1 -1 
-1  1  1  1  1  1  1  1 -1 -1 -1 -1 -1  1  1 -1  1 -1  1 -1  1  1 -1 -1 -1 -1 -1 -1 -1 
-1  1  1  1 -1 -1  1  1 -1 -1  1  1 -1  1  1 -1 -1 -1 -1  1 -1 -1 -1 -1 -1 -1  1  1  1 
-1  1  1  1 -1 -1  1 -1 -1  1  1  1 -1  1  1 -1 -1 -1 -1  1 -1 -1 -1 -1 -1  1  1  1 -1 
-1  1  1  1 -1  1  1 -1 -1  1  1 -1 -1  1  1 -1 -1 -1 -1  1 -1 -1 -1 -1  1  1  1 -1 -1 
-1  1  1  1 -1 -1  1 -1  1  1  1 -1 -1  1  1 -1 -1 -1 -1  1 -1 -1 -1  1 -1  1  1 -1 -1 
-1  1  1  1 -1 -1  1  1 -1 -1  1  1 -1  1  1 -1 -1 -1 -1  1 -1  1 -1 -1 -1 -1 -1  1  1 
-1  1  1  1 -1 -1  1  1 -1 -1  1  1 -1  1  1 -1 -1 -1 -1  1 -1  1 -1 -1 -1 -1  1 -1  1 
-1  1  1  1 -1 -1  1  1 -1 -1  1  1 -1  1  1 -1 -1 -1 -1  1 -1  1 -1 -1 -1 -1  1  1 -1 
-1  1  1  1 -1 -1  1  1 -1  1  1 -1 -1  1  1 -1 -1 -1 -1  1 -1  1 -1 -1 -1  1  1 -1 -1 
-1  1  1  1 -1 -1  1  1 -1 -1  1  1 -1  1  1 -1 -1 -1 -1  1  1 -1 -1 -1 -1 -1 -1  1  1 
-1  1  1  1 -1 -1  1  1 -1 -1  1  1 -1  1  1 -1 -1 -1 -1  1  1 -1 -1 -1 -1 -1  1 -1  1 
-1  1  1  1 -1 -1  1  1 -1 -1  1  1 -1  1  1 -1 -1 -1 -1  1  1 -1 -1 -1 -1 -1  1  1 -1 
-1  1  1  1 -1 -1  1  1 -1  1  1 -1 -1  1  1 -1 -1 -1 -1  1  1 -1 -1 -1 -1  1  1 -1 -1 
-1  1  1  1 -1  1  1 -1 -1 -1  1  1 -1  1  1 -1 -1 -1  1  1 -1 -1 -1 -1 -1 -1  1  1 -1 
-1  1  1  1 -1  1  1 -1 -1  1  1 -1 -1  1  1 -1 -1 -1  1  1 -1 -1 -1 -1 -1  1  1 -1 -1 
-1  1  1  1 -1  1  1 -1 -1  1  1 -1 -1  1  1 -1 -1 -1  1  1 -1 -1 -1 -1  1 -1  1 -1 -1 
-1  1  1  1 -1  1  1 -1 -1  1  1 -1 -1  1  1 -1 -1 -1  1  1 -1 -1 -1 -1  1  1 -1 -1 -1 
-1  1  1  1 -1  1  1 -1  1  1 -1 -1 -1  1  1 -1 -1 -1  1  1 -1 -1 -1  1  1 -1 -1 -1 -1 
-1  1  1  1 -1  1  1  1 -1 -1 -1  1 -1  1  1 -1 -1 -1  1  1 -1  1 -1 -1 -1 -1 -1 -1  1 
-1  1  1  1 -1  1  1  1 -1 -1  1 -1 -1  1  1 -1 -1 -1  1  1 -1  1 -1 -1 -1 -1  1 -1 -1 
-1  1  1  1 -1  1  1  1 -1  1 -1 -1 -1  1  1 -1 -1 -1  1  1 -1  1 -1 -1  1 -1 -1 -1 -1 
-1  1  1  1 -1  1  1  1 -1 -1 -1  1 -1  1  1 -1 -1 -1  1  1  1 -1 -1 -1 -1 -1 -1 -1  1 
-1  1  1  1 -1  1  1  1 -1 -1  1 -1 -1  1  1 -1 -1 -1  1  1  1 -1 -1 -1 -1 -1  1 -1 -1 
-1  1  1  1 -1  1  1  1 -1  1 -1 -1 -1  1  1 -1 -1 -1  1  1  1 -1 -1 -1  1 -1 -1 -1 -1 
-1  1  1  1  1  1  1 -1 -1 -1  1 -1 -1  1  1 -1  1 -1  1  1 -1 -1 -1 -1 -1 -1  1 -1 -1 
-1  1  1  1  1  1  1 -1 -1  1 -1 -1 -1  1  1 -1  1 -1  1  1 -1 -1 -1 -1  1 -1 -1 -1 -1 
-1  1  1  1  1  1  1 -1  1 -1 -1 -1 -1  1  1 -1  1 -1  1  1 -1 -1  1 -1 -1 -1 -1 -1 -1 
-1  1  1  1  1  1  1  1 -1 -1 -1 -1 -1  1  1 -1  1 -1  1  1 -1  1 -1 -1 -1 -1 -1 -1 -1 
-1  1  1  1  1  1  1  1 -1 -1 -1 -1 -1  1  1 -1  1 -1  1  1  1 -1 -1 -1 -1 -1 -1 -1 -1 
-1  1  1  1 -1  1 -1 -1 -1  1  1  1 -1  1  1 -1 -1  1 -1 -1 -1 -1 -1 -1  1  1 -1  1 -1 
-1  1  1  1 -1  1  1 -1 -1  1  1 -1 -1  1  1 -1 -1  1 -1 -1 -1 -1 -1 -1  1  1  1 -1 -1 
-1  1  1  1 -1  1 -1 -1  1  1  1 -1 -1  1  1 -1 -1  1 -1 -1 -1 -1 -1  1  1  1 -1 -1 -1 
-1  1  1  1  1  1 -1 -1  1  1 -1 -1 -1  1  1 -1 -1  1 -1 -1 -1 -1  1  1  1 -1 -1 -1 -1 
-1  1  1  1 -1  1 -1  1 -1 -1  1  1 -1  1  1 -1 -1  1 -1 -1 -1  1 -1 -1 -1 -1 -1  1  1 
-1  1  1  1 -1  1 -1  1 -1  1 -1  1 -1  1  1 -1 -1  1 -1 -1 -1  1 -1 -1  1 -1 -1 -1  1 
-1  1  1  1 -1  1 -1  1 -1  1  1 -1 -1  1  1 -1 -1  1 -1 -1 -1  1 -1 -1  1  1 -1 -1 -1 
-1  1  1  1 -1  1 -1  1  1  1 -1 -1 -1  1  1 -1 -1  1 -1 -1 -1  1 -1  1  1 -1 -1 -1 -1 
-1  1  1  1 -1  1  1  1 -1 -1 -1  1 -1  1  1 -1 -1  1 -1 -1  1  1 -1 -1 -1 -1 -1 -1  1 
-1  1  1  1 -1  1  1  1 -1 -1  1 -1 -1  1  1 -1 -1  1 -1 -1  1  1 -1 -1 -1 -1  1 -1 -1 
-1  1  1  1 -1  1  1  1 -1  1 -1 -1 -1  1  1 -1 -1  1 -1 -1  1  1 -1 -1  1 -1 -1 -1 -1 
-1  1  1  1 -1  1  1 -1 -1 -1  1  1 -1  1  1 -1 -1  1 -1  1 -1 -1 -1 -1 -1 -1  1  1 -1 
-1  1  1  1 -1  1  1 -1 -1  1  1 -1 -1  1  1 -1 -1  1 -1  1 -1 -1 -1 -1 -1  1  1 -1 -1 
-1  1  1  1 -1  1  1 -1 -1  1  1 -1 -1  1  1 -1 -1  1 -1  1 -1 -1 -1 -1  1 -1  1 -1 -1 
-1  1  1  1 -1  1  1 -1 -1  1  1 -1 -1  1  1 -1 -1  1 -1  1 -1 -1 -1 -1  1  1 -1 -1 -1 
-1  1  1  1 -1  1  1 -1  1  1 -1 -1 -1  1  1 -1 -1  1 -1  1 -1 -1 -1  1  1 -1 -1 -1 -1 
-1  1  1  1 -1  1  1  1 -1 -1 -1  1 -1  1  1 -1 -1  1 -1  1 -1  1 -1 -1 -1 -1 -1 -1  1 
-1  1  1  1 -1  1  1  1 -1 -1  1 -1 -1  1  1 -1 -1  1 -1  1 -1  1 -1 -1 -1 -1  1 -1 -1 
-1  1  1  1 -1  1  1  1 -1  1 -1 -1 -1  1  1 -1 -1  1 -1  1 -1  1 -1 -1  1 -1 -1 -1 -1 
-1  1  1  1 -1  1  1  1 -1 -1 -1  1 -1  1  1 -1 -1  1 -1  1  1 -1 -1 -1 -1 -1 -1 -1  1 
-1  1  1  1 -1  1  1  1 -1 -1  1 -1 -1  1  1 -1 -1  1 -1  1  1 -1 -1 -1 -1 -1  1 -1 -1 
-1  1  1  1 -1  1  1  1 -1  1 -1 -1 -1  1  1 -1 -1  1 -1  1  1 -1 -1 -1  1 -1 -1 -1 -1 
-1  1  1  1 -1  1  1 -1 -1 -1  1  1 -1  1  1 -1 -1  1  1 -1 -1 -1 -1 -1 -1 -1  1  1 -1 
-1  1  1  1 -1  1  1 -1 -1  1  1 -1 -1  1  1 -1 -1  1  1 -1 -1 -1 -1 -1 -1  1  1 -1 -1 
-1  1  1  1 -1  1  1 -1 -1  1  1 -1 -1  1  1 -1 -1  1  1 -1 -1 -1 -1 -1  1 -1  1 -1 -1 
-1  1  1  1 -1  1  1 -1 -1  1  1 -1 -1  1  1 -1 -1  1  1 -1 -1 -1 -1 -1  1  1 -1 -1 -1 
-1  1  1  1 -1  1  1 -1  1  1 -1 -1 -1  1  1 -1 -1  1  1 -1 -1 -1 -1  1  1 -1 -1 -1 -1 
-1  1  1  1 -1  1  1  1 -1 -1 -1  1 -1  1  1 -1 -1  1  1 -1 -1  1 -1 -1 -1 -1 -1 -1  1 
-1  1  1  1 -1  1  1  1 -1 -1  1 -1 -1  1  1 -1 -1  1  1 -1 -1  1 -1 -1 -1 -1  1 -1 -1 
-1  1  1  1 -1  1  1  1 -1  1 -1 -1 -1  1  1 -1 -1  1  1 -1 -1  1 -1 -1  1 -1 -1 -1 -1 
-1  1  1  1 -1  1  1  1 -1 -1 -1  1 -1  1  1 -1 -1  1  1 -1  1 -1 -1 -1 -1 -1 -1 -1  1 
-1  1  1  1 -1  1  1  1 -1 -1  1 -1 -1  1  1 -1 -1  1  1 -1  1 -1 -1 -1 -1 -1  1 -1 -1 
-1  1  1  1 -1  1  1  1 -1  1 -1 -1 -1  1  1 -1 -1  1  1 -1  1 -1 -1 -1  1 -1 -1 -1 -1 
-1  1  1  1  1  1 -1 -1 -1  1  1 -1 -1  1  1 -1  1  1 -1 -1 -1 -1 -1 -1  1  1 -1 -1 -1 
-1  1  1  1  1  1 -1 -1  1  1 -1 -1 -1  1  1 -1  1  1 -1 -1 -1 -1 -1  1  1 -1 -1 -1 -1 
-1  1  1  1  1  1 -1 -1  1  1 -1 -1 -1  1  1 -1  1  1 -1 -1 -1 -1  1 -1  1 -1 -1 -1 -1 
-1  1  1  1  1  1 -1 -1  1  1 -1 -1 -1  1  1 -1  1  1 -1 -1 -1 -1  1  1 -1 -1 -1 -1 -1 
-1  1  1  1  1  1 -1  1 -1 -1 -1  1 -1  1  1 -1  1  1 -1 -1 -1  1 -1 -1 -1 -1 -1 -1  1 
-1  1  1  1  1  1 -1  1 -1  1 -1 -1 -1  1  1 -1  1  1 -1 -1 -1  1 -1 -1  1 -1 -1 -1 -1 
-1  1  1  1  1  1 -1  1  1 -1 -1 -1 -1  1  1 -1  1  1 -1 -1 -1  1  1 -1 -1 -1 -1 -1 -1 
-1  1  1  1  1  1  1  1 -1 -1 -1 -1 -1  1  1 -1  1  1 -1 -1  1  1 -1 -1 -1 -1 -1 -1 -1 
-1  1  1  1  1  1  1 -1 -1 -1  1 -1 -1  1  1 -1  1  1 -1  1 -1 -1 -1 -1 -1 -1  1 -1 -1 
-1  1  1  1  1  1  1 -1 -1  1 -1 -1 -1  1  1 -1  1  1 -1  1 -1 -1 -1 -1  1 -1 -1 -1 -1 
-1  1  1  1  1  1  1 -1  1 -1 -1 -1 -1  1  1 -1  1  1 -1  1 -1 -1  1 -1 -1 -1 -1 -1 -1 
-1  1  1  1  1  1  1  1 -1 -1 -1 -1 -1  1  1 -1  1  1 -1  1 -1  1 -1 -1 -1 -1 -1 -1 -1 
-1  1  1  1  1  1  1  1 -1 -1 -1 -1 -1  1  1 -1  1  1 -1  1  1 -1 -1 -1 -1 -1 -1 -1 -1 
-1  1  1  1  1  1  1 -1 -1 -1  1 -1 -1  1  1 -1  1  1  1 -1 -1 -1 -1 -1 -1 -1  1 -1 -1 
-1  1  1  1  1  1  1 -1 -1  1 -1 -1 -1  1  1 -1  1  1  1 -1 -1 -1 -1 -1  1 -1 -1 -1 -1 
-1  1  1  1  1  1  1 -1  1 -1 -1 -1 -1  1  1 -1  1  1  1 -1 -1 -1  1 -1 -1 -1 -1 -1 -1 
-1  1  1  1  1  1  1  1 -1 -1 -1 -1 -1  1  1 -1  1  1  1 -1 -1  1 -1 -1 -1 -1 -1 -1 -1 
-1  1  1  1  1  1  1  1 -1 -1 -1 -1 -1  1  1 -1  1  1  1 -1  1 -1 -1 -1 -1 -1 -1 -1 -1 
 1 -1 -1 -1  1 -1 -1  1  1  1  1  1 -1 -1 -1  1 -1 -1 -1 -1 -1 -1  1  1 -1  1 -1  1  1 
 1 -1 -1 -1  1 -1  1 -1  1  1  1  1 -1 -1 -1  1 -1 -1 -1 -1 -1 -1  1  1 -1  1  1  1 -1 
 1 -1 -1 -1  1 -1  1  1  1  1  1 -1 -1 -1 -1  1 -1 -1 -1 -1  1 -1  1  1 -1  1  1 -1 -1 
 1 -1  1 -1  1 -1  1 -1  1  1  1 -1 -1 -1 -1  1 -1 -1 -1  1 -1 -1  1  1 -1  1  1 -1 -1 
 1 -1 -1 -1  1  1  1 -1  1  1  1 -1 -1 -1 -1  1 -1 -1  1 -1 -1 -1  1  1 -1  1  1 -1 -1 
 1 -1 -1 -1  1  1 -1 -1  1  1  1  1 -1 -1 -1  1 -1 -1 -1 -1 -1 -1  1  1  1  1 -1  1 -1 
 1 -1 -1 -1  1  1  1 -1  1  1  1 -1 -1 -1 -1  1 -1 -1 -1 -1 -1 -1  1  1  1  1  1 -1 -1 
 1 -1 -1 -1  1  1  1 -1  1  1  1 -1 -1 -1 -1  1 -1 -1  1 -1 -1 -1  1  1  1 -1  1 -1 -1 
 1 -1 -1 -1  1  1  1 -1  1  1  1 -1 -1 -1 -1  1 -1 -1  1 -1 -1 -1  1  1  1  1 -1 -1 -1 
 1 -1 -1 -1  1  1  1  1  1  1 -1 -1 -1 -1 -1  1 -1 -1  1 -1  1 -1  1  1  1 -1 -1 -1 -1 
 1 -1  1 -1  1  1  1 -1  1  1 -1 -1 -1 -1 -1  1 -1 -1  1  1 -1 -1  1  1  1 -1 -1 -1 -1 
 1  1 -1 -1  1  1 -1 -1  1  1  1 -1 -1 -1 -1  1 -1  1 -1 -1 -1 -1  1  1  1  1 -1 -1 -1 
 1  1 -1 -1  1  1  1 -1  1  1 -1 -1 -1 -1 -1  1 -1  1  1 -1 -1 -1  1  1  1 -1 -1 -1 -1 
 1  1  1 -1  1  1 -1 -1  1  1 -1 -1 -1  1 -1  1 -1  1 -1 -1 -1 -1  1  1  1 -1 -1 -1 -1 
 1 -1 -1 -1  1  1 -1  1 -1  1  1  1 -1 -1 -1  1  1 -1 -1 -1 -1 -1 -1 -1  1  1 -1  1  1 
 1 -1 -1 -1  1  1  1 -1 -1  1  1  1 -1 -1 -1  1  1 -1 -1 -1 -1 -1 -1 -1  1  1  1  1 -1 
 1 -1 -1 -1  1  1  1  1 -1  1  1 -1 -1 -1 -1  1  1 -1 -1 -1  1 -1 -1 -1  1  1  1 -1 -1 
 1 -1  1 -1  1  1  1 -1 -1  1  1 -1 -1 -1 -1  1  1 -1 -1  1 -1 -1 -1 -1  1  1  1 -1 -1 
 1 -1 -1 -1  1  1 -1 -1  1  1  1  1 -1 -1 -1  1  1 -1 -1 -1 -1 -1 -1  1  1  1 -1  1 -1 
 1 -1 -1 -1  1  1  1 -1  1  1  1 -1 -1 -1 -1  1  1 -1 -1 -1 -1 -1 -1  1  1  1  1 -1 -1 
 1 -1 -1 -1  1  1 -1 -1  1  1  1  1 -1 -1 -1  1  1 -1 -1 -1 -1 -1  1 -1  1  1 -1  1 -1 
 1 -1 -1 -1  1  1  1 -1  1  1  1 -1 -1 -1 -1  1  1 -1 -1 -1 -1 -1  1 -1  1  1  1 -1 -1 
 1 -1 -1 -1  1  1 -1 -1  1  1  1  1 -1 -1 -1  1  1 -1 -1 -1 -1 -1  1  1 -1  1 -1  1 -1 
 1 -1 -1 -1  1  1  1 -1  1  1  1 -1 -1 -1 -1  1  1 -1 -1 -1 -1 -1  1  1 -1  1  1 -1 -1 
 1 -1 -1 -1  1  1  1  1 -1 -1  1  1 -1 -1 -1  1  1 -1  1 -1 -1 -1 -1 -1 -1 -1  1  1  1 
 1 -1 -1 -1  1  1  1 -1 -1  1  1  1 -1 -1 -1  1  1 -1  1 -1 -1 -1 -1 -1 -1  1  1  1 -1 
 1 -1 -1 -1  1  1  1 -1  1  1  1 -1 -1 -1 -1  1  1 -1  1 -1 -1 -1 -1  1 -1  1  1 -1 -1 
 1 -1 -1 -1  1  1  1 -1 -1  1  1  1 -1 -1 -1  1  1 -1  1 -1 -1 -1 -1 -1  1 -1  1  1 -1 
 1 -1 -1 -1  1  1  1 -1 -1  1  1  1 -1 -1 -1  1  1 -1  1 -1 -1 -1 -1 -1  1  1 -1  1 -1 
 1 -1 -1 -1  1  1  1 -1  1  1  1 -1 -1 -1 -1  1  1 -1  1 -1 -1 -1 -1  1  1 -1  1 -1 -1 
 1 -1 -1 -1  1  1  1 -1  1  1  1 -1 -1 -1 -1  1  1 -1  1 -1 -1 -1 -1  1  1  1 -1 -1 -1 
 1 -1 -1 -1  1  1  1 -1  1 -1  1  1 -1 -1 -1  1  1 -1  1 -1 -1 -1  1 -1 -1 -1  1  1 -1 
 1 -1 -1 -1  1  1  1 -1  1  1  1 -1 -1 -1 -1  1  1 -1  1 -1 -1 -1  1 -1 -1  1  1 -1 -1 
 1 -1 -1 -1  1  1  1 -1  1  1  1 -1 -1 -1 -1  1  1 -1  1 -1 -1 -1  1 -1  1 -1  1 -1 -1 
 1 -1 -1 -1  1  1  1 -1  1  1  1 -1 -1 -1 -1  1  1 -1  1 -1 -1 -1  1 -1  1  1 -1 -1 -1 
 1 -1 -1 -1  1  1  1 -1  1  1  1 -1 -1 -1 -1  1  1 -1  1 -1 -1 -1  1  1 -1 -1  1 -1 -1 
 1 -1 -1 -1  1  1  1 -1  1  1  1 -1 -1 -1 -1  1  1 -1  1 -1 -1 -1  1  1 -1  1 -1 -1 -1 
 1 -1 -1 -1  1  1  1  1 -1 -1  1  1 -1 -1 -1  1  1 -1  1 -1  1 -1 -1 -1 -1 -1 -1  1  1 
 1 -1 -1 -1  1  1  1  1 -1 -1  1  1 -1 -1 -1  1  1 -1  1 -1  1 -1 -1 -1 -1 -1  1 -1  1 
 1 -1 -1 -1  1  1  1  1 -1 -1  1  1 -1 -1 -1  1  1 -1  1 -1  1 -1 -1 -1 -1 -1  1  1 -1 
 1 -1 -1 -1  1  1  1  1 -1  1  1 -1 -1 -1 -1  1  1 -1  1 -1  1 -1 -1 -1 -1  1  1 -1 -1 
 1 -1 -1 -1  1  1  1  1 -1  1 -1  1 -1 -1 -1  1  1 -1  1 -1  1 -1 -1 -1  1 -1 -1 -1  1 
 1 -1 -1 -1  1  1  1  1 -1  1  1 -1 -1 -1 -1  1  1 -1  1 -1  1 -1 -1 -1  1 -1  1 -1 -1 
 1 -1 -1 -1  1  1  1  1 -1  1  1 -1 -1 -1 -1  1  1 -1  1 -1  1 -1 -1 -1  1  1 -1 -1 -1 
 1 -1 -1 -1  1  1  1  1  1  1 -1 -1 -1 -1 -1  1  1 -1  1 -1  1 -1 -1  1  1 -1 -1 -1 -1 
 1 -1 -1 -1  1  1  1  1  1 -1 -1  1 -1 -1 -1  1  1 -1  1 -1  1 -1  1 -1 -1 -1 -1 -1  1 
 1 -1 -1 -1  1  1  1  1  1 -1  1 -1 -1 -1 -1  1  1 -1  1 -1  1 -1  1 -1 -1 -1  1 -1 -1 
 1 -1 -1 -1  1  1  1  1  1  1 -1 -1 -1 -1 -1  1  1 -1  1 -1  1 -1  1 -1  1 -1 -1 -1 -1 
 1 -1 -1 -1  1  1  1  1  1  1 -1 -1 -1 -1 -1  1  1 -1  1 -1  1 -1  1  1 -1 -1 -1 -1 -1 
 1 -1 -1  1  1  1  1  1 -1 -1 -1  1 -1 -1 -1  1  1 -1  1 -1  1  1 -1 -1 -1 -1 -1 -1  1 
 1 -1 -1  1  1  1  1  1 -1 -1  1 -1 -1 -1 -1  1  1 -1  1 -1  1  1 -1 -1 -1 -1  1 -1 -1 
 1 -1 -1  1  1  1  1  1 -1  1 -1 -1 -1 -1 -1  1  1 -1  1 -1  1  1 -1 -1  1 -1 -1 -1 -1 
 1 -1 -1  1  1  1  1  1  1 -1 -1 -1 -1 -1 -1  1  1 -1  1 -1  1  1  1 -1 -1 -1 -1 -1 -1 
 1 -1  1  1  1  1  1  1 -1 -1 -1 -1 -1 -1  1  1  1 -1  1 -1  1  1 -1 -1 -1 -1 -1 -1 -1 
 1 -1  1 -1  1  1  1 -1 -1 -1  1  1 -1 -1 -1  1  1 -1  1  1 -1 -1 -1 -1 -1 -1  1  1 -1 
 1 -1  1 -1  1  1  1 -1 -1  1  1 -1 -1 -1 -1  1  1 -1  1  1 -1 -1 -1 -1 -1  1  1 -1 -1 
 1 -1  1 -1  1  1  1 -1 -1  1  1 -1 -1 -1 -1  1  1 -1  1  1 -1 -1 -1 -1  1 -1  1 -1 -1 
 1 -1  1 -1  1  1  1 -1 -1  1  1 -1 -1 -1 -1  1  1 -1  1  1 -1 -1 -1 -1  1  1 -1 -1 -1 
 1 -1  1 -1  1  1  1 -1  1  1 -1 -1 -1 -1 -1  1  1 -1  1  1 -1 -1 -1  1  1 -1 -1 -1 -1 
 1 -1  1 -1  1  1  1 -1  1 -1  1 -1 -1 -1 -1  1  1 -1  1  1 -1 -1  1 -1 -1 -1  1 -1 -1 
 1 -1  1 -1  1  1  1 -1  1  1 -1 -1 -1 -1 -1  1  1 -1  1  1 -1 -1  1 -1  1 -1 -1 -1 -1 
 1 -1  1 -1  1  1  1 -1  1  1 -1 -1 -1 -1 -1  1  1 -1  1  1 -1 -1  1  1 -1 -1 -1 -1 -1 
 1 -1  1 -1  1  1  1  1 -1 -1 -1  1 -1 -1 -1  1  1 -1  1  1  1 -1 -1 -1 -1 -1 -1 -1  1 
 1 -1  1 -1  1  1  1  1 -1 -1  1 -1 -1 -1 -1  1  1 -1  1  1  1 -1 -1 -1 -1 -1  1 -1 -1 
 1 -1  1 -1  1  1  1  1 -1  1 -1 -1 -1 -1 -1  1  1 -1  1  1  1 -1 -1 -1  1 -1 -1 -1 -1 
 1 -1  1 -1  1  1  1  1  1 -1 -1 -1 -1 -1 -1  1  1 -1  1  1  1 -1  1 -1 -1 -1 -1 -1 -1 
 1 -1  1  1  1  1  1  1 -1 -1 -1 -1 -1 -1 -1  1  1 -1  1  1  1  1 -1 -1 -1 -1 -1 -1 -1 
 1 -1  1  1  1  1  1 -1 -1 -1  1 -1 -1 -1  1  1  1 -1  1  1 -1 -1 -1 -1 -1 -1  1 -1 -1 
 1 -1  1  1  1  1  1 -1 -1  1 -1 -1 -1 -1  1  1  1 -1  1  1 -1 -1 -1 -1  1 -1 -1 -1 -1 
 1 -1  1  1  1  1  1 -1  1 -1 -1 -1 -1 -1  1  1  1 -1  1  1 -1 -1  1 -1 -1 -1 -1 -1 -1 
 1 -1  1  1  1  1  1  1 -1 -1 -1 -1 -1 -1  1  1  1 -1  1  1 -1  1 -1 -1 -1 -1 -1 -1 -1 
 1 -1  1  1  1  1  1  1 -1 -1 -1 -1 -1 -1  1  1  1 -1  1  1  1 -1 -1 -1 -1 -1 -1 -1 -1 
 1  1  1 -1  1  1  1 -1 -1 -1  1 -1 -1  1 -1  1  1 -1  1  1 -1 -1 -1 -1 -1 -1  1 -1 -1 
 1  1  1 -1  1  1  1 -1 -1  1 -1 -1 -1  1 -1  1  1 -1  1  1 -1 -1 -1 -1  1 -1 -1 -1 -1 
 1  1  1 -1  1  1  1 -1  1 -1 -1 -1 -1  1 -1  1  1 -1  1  1 -1 -1  1 -1 -1 -1 -1 -1 -1 
 1  1  1 -1  1  1  1  1 -1 -1 -1 -1 -1  1 -1  1  1 -1  1  1  1 -1 -1 -1 -1 -1 -1 -1 -1 
 1  1  1  1  1  1  1 -1 -1 -1 -1 -1 -1  1  1  1  1 -1  1  1 -1 -1 -1 -1 -1 -1 -1 -1 -1 
 1  1 -1 -1  1  1 -1 -1 -1  1  1  1 -1 -1 -1  1  1  1 -1 -1 -1 -1 -1 -1  1  1 -1  1 -1 
 1  1 -1 -1  1  1  1 -1 -1  1  1 -1 -1 -1 -1  1  1  1 -1 -1 -1 -1 -1 -1  1  1  1 -1 -1 
 1  1 -1 -1  1  1 -1 -1  1  1  1 -1 -1 -1 -1  1  1  1 -1 -1 -1 -1 -1  1  1  1 -1 -1 -1 
 1  1 -1 -1  1  1 -1 -1  1  1  1 -1 -1 -1 -1  1  1  1 -1 -1 -1 -1  1 -1  1  1 -1 -1 -1 
 1  1 -1 -1  1  1 -1 -1  1  1  1 -1 -1 -1 -1  1  1  1 -1 -1 -1 -1  1  1 -1  1 -1 -1 -1 
 1  1 -1 -1  1  1  1 -1 -1 -1  1  1 -1 -1 -1  1  1  1  1 -1 -1 -1 -1 -1 -1 -1  1  1 -1 
 1  1 -1 -1  1  1  1 -1 -1  1  1 -1 -1 -1 -1  1  1  1  1 -1 -1 -1 -1 -1 -1  1  1 -1 -1 
 1  1 -1 -1  1  1  1 -1 -1  1  1 -1 -1 -1 -1  1  1  1  1 -1 -1 -1 -1 -1  1 -1  1 -1 -1 
 1  1 -1 -1  1  1  1 -1 -1  1  1 -1 -1 -1 -1  1  1  1  1 -1 -1 -1 -1 -1  1  1 -1 -1 -1 
 1  1 -1 -1  1  1  1 -1  1  1 -1 -1 -1 -1 -1  1  1  1  1 -1 -1 -1 -1  1  1 -1 -1 -1 -1 
 1  1 -1 -1  1  1  1 -1  1 -1  1 -1 -1 -1 -1  1  1  1  1 -1 -1 -1  1 -1 -1 -1  1 -1 -1 
 1  1 -1 -1  1  1  1 -1  1  1 -1 -1 -1 -1 -1  1  1  1  1 -1 -1 -1  1 -1  1 -1 -1 -1 -1 
 1  1 -1 -1  1  1  1 -1  1  1 -1 -1 -1 -1 -1  1  1  1  1 -1 -1 -1  1  1 -1 -1 -1 -1 -1 
 1  1 -1 -1  1  1  1  1 -1 -1 -1  1 -1 -1 -1  1  1  1  1 -1  1 -1 -1 -1 -1 -1 -1 -1  1 
 1  1 -1 -1  1  1  1  1 -1 -1  1 -1 -1 -1 -1  1  1  1  1 -1  1 -1 -1 -1 -1 -1  1 -1 -1 
 1  1 -1 -1  1  1  1  1 -1  1 -1 -1 -1 -1 -1  1  1  1  1 -1  1 -1 -1 -1  1 -1 -1 -1 -1 
 1  1 -1 -1  1  1  1  1  1 -1 -1 -1 -1 -1 -1  1  1  1  1 -1  1 -1  1 -1 -1 -1 -1 -1 -1 
 1  1 -1  1  1  1  1  1 -1 -1 -1 -1 -1 -1 -1  1  1  1  1 -1  1  1 -1 -1 -1 -1 -1 -1 -1 
 1  1  1 -1  1  1  1 -1 -1 -1  1 -1 -1 -1 -1  1  1  1  1  1 -1 -1 -1 -1 -1 -1  1 -1 -1 
 1  1  1 -1  1  1  1 -1 -1  1 -1 -1 -1 -1 -1  1  1  1  1  1 -1 -1 -1 -1  1 -1 -1 -1 -1 
 1  1  1 -1  1  1  1 -1  1 -1 -1 -1 -1 -1 -1  1  1  1  1  1 -1 -1  1 -1 -1 -1 -1 -1 -1 
 1  1  1 -1  1  1  1  1 -1 -1 -1 -1 -1 -1 -1  1  1  1  1  1  1 -1 -1 -1 -1 -1 -1 -1 -1 
 1  1  1  1  1  1  1 -1 -1 -1 -1 -1 -1 -1  1  1  1  1  1  1 -1 -1 -1 -1 -1 -1 -1 -1 -1 
 1  1  1 -1  1  1 -1 -1 -1  1  1 -1 -1  1 -1  1  1  1 -1 -1 -1 -1 -1 -1  1  1 -1 -1 -1 
 1  1  1 -1  1  1 -1 -1  1  1 -1 -1 -1  1 -1  1  1  1 -1 -1 -1 -1 -1  1  1 -1 -1 -1 -1 
 1  1  1 -1  1  1 -1 -1  1  1 -1 -1 -1  1 -1  1  1  1 -1 -1 -1 -1  1 -1  1 -1 -1 -1 -1 
 1  1  1 -1  1  1 -1 -1  1  1 -1 -1 -1  1 -1  1  1  1 -1 -1 -1 -1  1  1 -1 -1 -1 -1 -1 
 1  1  1 -1  1  1  1 -1 -1 -1  1 -1 -1  1 -1  1  1  1 -1  1 -1 -1 -1 -1 -1 -1  1 -1 -1 
 1  1  1 -1  1  1  1 -1 -1  1 -1 -1 -1  1 -1  1  1  1 -1  1 -1 -1 -1 -1  1 -1 -1 -1 -1 
 1  1  1 -1  1  1  1 -1  1 -1 -1 -1 -1  1 -1  1  1  1 -1  1 -1 -1  1 -1 -1 -1 -1 -1 -1 
 1  1  1 -1  1  1  1  1 -1 -1 -1 -1 -1  1 -1  1  1  1 -1  1  1 -1 -1 -1 -1 -1 -1 -1 -1 
 1  1  1 -1  1  1  1 -1 -1 -1  1 -1 -1  1 -1  1  1  1  1 -1 -1 -1 -1 -1 -1 -1  1 -1 -1 
 1  1  1 -1  1  1  1 -1 -1  1 -1 -1 -1  1 -1  1  1  1  1 -1 -1 -1 -1 -1  1 -1 -1 -1 -1 
 1  1  1 -1  1  1  1 -1  1 -1 -1 -1 -1  1 -1  1  1  1  1 -1 -1 -1  1 -1 -1 -1 -1 -1 -1 
 1  1  1 -1  1  1  1  1 -1 -1 -1 -1 -1  1 -1  1  1  1  1 -1  1 -1 -1 -1 -1 -1 -1 -1 -1 
 1  1  1  1  1  1 -1 -1 -1  1 -1 -1 -1  1  1  1  1  1 -1 -1 -1 -1 -1 -1  1 -1 -1 -1 -1 
 1  1  1  1  1  1 -1 -1  1 -1 -1 -1 -1  1  1  1  1  1 -1 -1 -1 -1  1 -1 -1 -1 -1 -1 -1 
 1  1  1  1  1  1 -1  1 -1 -1 -1 -1 -1  1  1  1  1  1 -1 -1 -1  1 -1 -1 -1 -1 -1 -1 -1 
 1  1  1  1  1  1  1 -1 -1 -1 -1 -1 -1  1  1  1  1  1 -1  1 -1 -1 -1 -1 -1 -1 -1 -1 -1 
 1  1  1  1  1  1  1 -1 -1 -1 -1 -1 -1  1  1  1  1  1  1 -1 -1 -1 -1 -1 -1 -1 -1 -1 -1 
 1  1 -1 -1 -1  1 -1  1 -1  1  1  1  1 -1 -1 -1 -1  1 -1 -1 -1 -1 -1 -1  1  1 -1  1  1 
 1  1 -1 -1 -1  1  1 -1 -1  1  1  1  1 -1 -1 -1 -1  1 -1 -1 -1 -1 -1 -1  1  1  1  1 -1 
 1  1 -1 -1 -1  1  1  1 -1  1  1 -1  1 -1 -1 -1 -1  1 -1 -1  1 -1 -1 -1  1  1  1 -1 -1 
 1  1  1 -1 -1  1  1 -1 -1  1  1 -1  1 -1 -1 -1 -1  1 -1  1 -1 -1 -1 -1  1  1  1 -1 -1 
 1  1 -1 -1 -1  1 -1 -1  1  1  1  1  1 -1 -1 -1 -1  1 -1 -1 -1 -1 -1  1  1  1 -1  1 -1 
 1  1 -1 -1 -1  1  1 -1  1  1  1 -1  1 -1 -1 -1 -1  1 -1 -1 -1 -1 -1  1  1  1  1 -1 -1 
 1  1 -1 -1  1  1 -1 -1  1  1  1 -1  1 -1 -1 -1 -1  1 -1 -1 -1 -1  1  1  1  1 -1 -1 -1 
 1  1 -1 -1 -1  1  1  1 -1 -1  1  1  1 -1 -1 -1 -1  1  1 -1 -1 -1 -1 -1 -1 -1  1  1  1 
 1  1 -1 -1 -1  1  1 -1 -1  1  1  1  1 -1 -1 -1 -1  1  1 -1 -1 -1 -1 -1 -1  1  1  1 -1 
 1  1 -1 -1 -1  1  1 -1  1  1  1 -1  1 -1 -1 -1 -1  1  1 -1 -1 -1 -1  1 -1  1  1 -1 -1 
 1  1 -1 -1 -1  1  1 -1 -1  1  1  1  1 -1 -1 -1 -1  1  1 -1 -1 -1 -1 -1  1 -1  1  1 -1 
 1  1 -1 -1 -1  1  1 -1 -1  1  1  1  1 -1 -1 -1 -1  1  1 -1 -1 -1 -1 -1  1  1 -1  1 -1 
 1  1 -1 -1 -1  1  1 -1  1  1  1 -1  1 -1 -1 -1 -1  1  1 -1 -1 -1 -1  1  1 -1  1 -1 -1 
 1  1 -1 -1 -1  1  1 -1  1  1  1 -1  1 -1 -1 -1 -1  1  1 -1 -1 -1 -1  1  1  1 -1 -1 -1 
 1  1 -1 -1  1  1  1 -1  1  1 -1 -1  1 -1 -1 -1 -1  1  1 -1 -1 -1  1  1  1 -1 -1 -1 -1 
 1  1 -1 -1 -1  1  1  1 -1 -1  1  1  1 -1 -1 -1 -1  1  1 -1  1 -1 -1 -1 -1 -1 -1  1  1 
 1  1 -1 -1 -1  1  1  1 -1 -1  1  1  1 -1 -1 -1 -1  1  1 -1  1 -1 -1 -1 -1 -1  1 -1  1 
 1  1 -1 -1 -1  1  1  1 -1 -1  1  1  1 -1 -1 -1 -1  1  1 -1  1 -1 -1 -1 -1 -1  1  1 -1 
 1  1 -1 -1 -1  1  1  1 -1  1  1 -1  1 -1 -1 -1 -1  1  1 -1  1 -1 -1 -1 -1  1  1 -1 -1 
 1  1 -1 -1 -1  1  1  1 -1  1 -1  1  1 -1 -1 -1 -1  1  1 -1  1 -1 -1 -1  1 -1 -1 -1  1 
 1  1 -1 -1 -1  1  1  1 -1  1  1 -1  1 -1 -1 -1 -1  1  1 -1  1 -1 -1 -1  1 -1  1 -1 -1 
 1  1 -1 -1 -1  1  1  1 -1  1  1 -1  1 -1 -1 -1 -1  1  1 -1  1 -1 -1 -1  1  1 -1 -1 -1 
 1  1 -1 -1 -1  1  1  1  1  1 -1 -1  1 -1 -1 -1 -1  1  1 -1  1 -1 -1  1  1 -1 -1 -1 -1 
 1  1 -1  1 -1  1  1  1 -1 -1 -1  1  1 -1 -1 -1 -1  1  1 -1  1  1 -1 -1 -1 -1 -1 -1  1 
 1  1 -1  1 -1  1  1  1 -1 -1  1 -1  1 -1 -1 -1 -1  1  1 -1  1  1 -1 -1 -1 -1  1 -1 -1 
 1  1 -1  1 -1  1  1  1 -1  1 -1 -1  1 -1 -1 -1 -1  1  1 -1  1  1 -1 -1  1 -1 -1 -1 -1 
 1  1  1  1 -1  1  1  1 -1 -1 -1 -1  1 -1  1 -1 -1  1  1 -1  1  1 -1 -1 -1 -1 -1 -1 -1 
 1  1  1 -1 -1  1  1 -1 -1 -1  1  1  1 -1 -1 -1 -1  1  1  1 -1 -1 -1 -1 -1 -1  1  1 -1 
 1  1  1 -1 -1  1  1 -1 -1  1  1 -1  1 -1 -1 -1 -1  1  1  1 -1 -1 -1 -1 -1  1  1 -1 -1 
 1  1  1 -1 -1  1  1 -1 -1  1  1 -1  1 -1 -1 -1 -1  1  1  1 -1 -1 -1 -1  1 -1  1 -1 -1 
 1  1  1 -1 -1  1  1 -1 -1  1  1 -1  1 -1 -1 -1 -1  1  1  1 -1 -1 -1 -1  1  1 -1 -1 -1 
 1  1  1 -1 -1  1  1 -1  1  1 -1 -1  1 -1 -1 -1 -1  1  1  1 -1 -1 -1  1  1 -1 -1 -1 -1 
 1  1  1 -1 -1  1  1  1 -1 -1 -1  1  1 -1 -1 -1 -1  1  1  1  1 -1 -1 -1 -1 -1 -1 -1  1 
 1  1  1 -1 -1  1  1  1 -1 -1  1 -1  1 -1 -1 -1 -1  1  1  1  1 -1 -1 -1 -1 -1  1 -1 -1 
 1  1  1 -1 -1  1  1  1 -1  1 -1 -1  1 -1 -1 -1 -1  1  1  1  1 -1 -1 -1  1 -1 -1 -1 -1 
 1  1  1  1 -1  1  1  1 -1 -1 -1 -1  1 -1 -1 -1 -1  1  1  1  1  1 -1 -1 -1 -1 -1 -1 -1 
 1  1  1  1 -1  1  1 -1 -1 -1  1 -1  1 -1  1 -1 -1  1  1  1 -1 -1 -1 -1 -1 -1  1 -1 -1 
 1  1  1  1 -1  1  1 -1 -1  1 -1 -1  1 -1  1 -1 -1  1  1  1 -1 -1 -1 -1  1 -1 -1 -1 -1 
 1  1  1  1 -1  1  1  1 -1 -1 -1 -1  1 -1  1 -1 -1  1  1  1 -1  1 -1 -1 -1 -1 -1 -1 -1 
 1  1  1  1 -1  1  1  1 -1 -1 -1 -1  1 -1  1 -1 -1  1  1  1  1 -1 -1 -1 -1 -1 -1 -1 -1 
 1  1 -1 -1  1  1 -1 -1 -1  1  1  1  1 -1 -1 -1  1  1 -1 -1 -1 -1 -1 -1  1  1 -1  1 -1 
 1  1 -1 -1  1  1  1 -1 -1  1  1 -1  1 -1 -1 -1  1  1 -1 -1 -1 -1 -1 -1  1  1  1 -1 -1 
 1  1 -1 -1  1  1 -1 -1  1  1  1 -1  1 -1 -1 -1  1  1 -1 -1 -1 -1 -1  1  1  1 -1 -1 -1 
 1  1 -1 -1  1  1 -1 -1  1  1  1 -1  1 -1 -1 -1  1  1 -1 -1 -1 -1  1 -1  1  1 -1 -1 -1 
 1  1 -1 -1  1  1 -1 -1  1  1  1 -1  1 -1 -1 -1  1  1 -1 -1 -1 -1  1  1 -1  1 -1 -1 -1 
 1  1 -1 -1  1  1  1 -1 -1 -1  1  1  1 -1 -1 -1  1  1  1 -1 -1 -1 -1 -1 -1 -1  1  1 -1 
 1  1 -1 -1  1  1  1 -1 -1  1  1 -1  1 -1 -1 -1  1  1  1 -1 -1 -1 -1 -1 -1  1  1 -1 -1 
 1  1 -1 -1  1  1  1 -1 -1  1  1 -1  1 -1 -1 -1  1  1  1 -1 -1 -1 -1 -1  1 -1  1 -1 -1 
 1  1 -1 -1  1  1  1 -1 -1  1  1 -1  1 -1 -1 -1  1  1  1 -1 -1 -1 -1 -1  1  1 -1 -1 -1 
 1  1 -1 -1  1  1  1 -1  1  1 -1 -1  1 -1 -1 -1  1  1  1 -1 -1 -1 -1  1  1 -1 -1 -1 -1 
 1  1 -1 -1  1  1  1 -1  1 -1  1 -1  1 -1 -1 -1  1  1  1 -1 -1 -1  1 -1 -1 -1  1 -1 -1 
 1  1 -1 -1  1  1  1 -1  1  1 -1 -1  1 -1 -1 -1  1  1  1 -1 -1 -1  1 -1  1 -1 -1 -1 -1 
 1  1 -1 -1  1  1  1 -1  1  1 -1 -1  1 -1 -1 -1  1  1  1 -1 -1 -1  1  1 -1 -1 -1 -1 -1 
 1  1 -1 -1  1  1  1  1 -1 -1 -1  1  1 -1 -1 -1  1  1  1 -1  1 -1 -1 -1 -1 -1 -1 -1  1 
 1  1 -1 -1  1  1  1  1 -1 -1  1 -1  1 -1 -1 -1  1  1  1 -1  1 -1 -1 -1 -1 -1  1 -1 -1 
 1  1 -1 -1  1  1  1  1 -1  1 -1 -1  1 -1 -1 -1  1  1  1 -1  1 -1 -1 -1  1 -1 -1 -1 -1 
 1  1 -1 -1  1  1  1  1  1 -1 -1 -1  1 -1 -1 -1  1  1  1 -1  1 -1  1 -1 -1 -1 -1 -1 -1 
 1  1 -1  1  1  1  1  1 -1 -1 -1 -1  1 -1 -1 -1  1  1  1 -1  1  1 -1 -1 -1 -1 -1 -1 -1 
 1  1  1 -1  1  1  1 -1 -1 -1  1 -1  1 -1 -1 -1  1  1  1  1 -1 -1 -1 -1 -1 -1  1 -1 -1 
 1  1  1 -1  1  1  1 -1 -1  1 -1 -1  1 -1 -1 -1  1  1  1  1 -1 -1 -1 -1  1 -1 -1 -1 -1 
 1  1  1 -1  1  1  1 -1  1 -1 -1 -1  1 -1 -1 -1  1  1  1  1 -1 -1  1 -1 -1 -1 -1 -1 -1 
 1  1  1 -1  1  1  1  1 -1 -1 -1 -1  1 -1 -1 -1  1  1  1  1  1 -1 -1 -1 -1 -1 -1 -1 -1 
 1  1  1  1  1  1  1 -1 -1 -1 -1 -1  1 -1  1 -1  1  1  1  1 -1 -1 -1 -1 -1 -1 -1 -1 -1 
 1  1 -1 -1  1 -1 -1 -1  1  1  1  1  1 -1 -1  1 -1 -1 -1 -1 -1 -1  1  1 -1  1 -1  1 -1 
 1  1 -1 -1  1 -1  1 -1  1  1  1 -1  1 -1 -1  1 -1 -1 -1 -1 -1 -1  1  1 -1  1  1 -1 -1 
 1  1 -1 -1  1  1 -1 -1  1  1  1 -1  1 -1 -1  1 -1 -1 -1 -1 -1 -1  1  1  1  1 -1 -1 -1 
 1  1 -1 -1  1  1  1 -1  1  1 -1 -1  1 -1 -1  1 -1 -1  1 -1 -1 -1  1  1  1 -1 -1 -1 -1 
 1  1 -1 -1  1  1 -1 -1 -1  1  1  1  1 -1 -1  1 -1  1 -1 -1 -1 -1 -1 -1  1  1 -1  1 -1 
 1  1 -1 -1  1  1  1 -1 -1  1  1 -1  1 -1 -1  1 -1  1 -1 -1 -1 -1 -1 -1  1  1  1 -1 -1 
 1  1 -1 -1  1  1 -1 -1  1  1  1 -1  1 -1 -1  1 -1  1 -1 -1 -1 -1 -1  1  1  1 -1 -1 -1 
 1  1 -1 -1  1  1 -1 -1  1  1  1 -1  1 -1 -1  1 -1  1 -1 -1 -1 -1  1 -1  1  1 -1 -1 -1 
 1  1 -1 -1  1  1 -1 -1  1  1  1 -1  1 -1 -1  1 -1  1 -1 -1 -1 -1  1  1 -1  1 -1 -1 -1 
 1  1 -1 -1  1  1  1 -1 -1 -1  1  1  1 -1 -1  1 -1  1  1 -1 -1 -1 -1 -1 -1 -1  1  1 -1 
 1  1 -1 -1  1  1  1 -1 -1  1  1 -1  1 -1 -1  1 -1  1  1 -1 -1 -1 -1 -1 -1  1  1 -1 -1 
 1  1 -1 -1  1  1  1 -1 -1  1  1 -1  1 -1 -1  1 -1  1  1 -1 -1 -1 -1 -1  1 -1  1 -1 -1 
 1  1 -1 -1  1  1  1 -1 -1  1  1 -1  1 -1 -1  1 -1  1  1 -1 -1 -1 -1 -1  1  1 -1 -1 -1 
 1  1 -1 -1  1  1  1 -1  1  1 -1 -1  1 -1 -1  1 -1  1  1 -1 -1 -1 -1  1  1 -1 -1 -1 -1 
 1  1 -1 -1  1  1  1 -1  1 -1  1 -1  1 -1 -1  1 -1  1  1 -1 -1 -1  1 -1 -1 -1  1 -1 -1 
 1  1 -1 -1  1  1  1 -1  1  1 -1 -1  1 -1 -1  1 -1  1  1 -1 -1 -1  1 -1  1 -1 -1 -1 -1 
 1  1 -1 -1  1  1  1 -1  1  1 -1 -1  1 -1 -1  1 -1  1  1 -1 -1 -1  1  1 -1 -1 -1 -1 -1 
 1  1 -1 -1  1  1  1  1 -1 -1 -1  1  1 -1 -1  1 -1  1  1 -1  1 -1 -1 -1 -1 -1 -1 -1  1 
 1  1 -1 -1  1  1  1  1 -1 -1  1 -1  1 -1 -1  1 -1  1  1 -1  1 -1 -1 -1 -1 -1  1 -1 -1 
 1  1 -1 -1  1  1  1  1 -1  1 -1 -1  1 -1 -1  1 -1  1  1 -1  1 -1 -1 -1  1 -1 -1 -1 -1 
 1  1 -1 -1  1  1  1  1  1 -1 -1 -1  1 -1 -1  1 -1  1  1 -1  1 -1  1 -1 -1 -1 -1 -1 -1 
 1  1 -1  1  1  1  1  1 -1 -1 -1 -1  1 -1 -1  1 -1  1  1 -1  1  1 -1 -1 -1 -1 -1 -1 -1 
 1  1  1 -1  1  1  1 -1 -1 -1  1 -1  1 -1 -1  1 -1  1  1  1 -1 -1 -1 -1 -1 -1  1 -1 -1 
 1  1  1 -1  1  1  1 -1 -1  1 -1 -1  1 -1 -1  1 -1  1  1  1 -1 -1 -1 -1  1 -1 -1 -1 -1 
 1  1  1 -1  1  1  1 -1  1 -1 -1 -1  1 -1 -1  1 -1  1  1  1 -1 -1  1 -1 -1 -1 -1 -1 -1 
 1  1  1 -1  1  1  1  1 -1 -1 -1 -1  1 -1 -1  1 -1  1  1  1  1 -1 -1 -1 -1 -1 -1 -1 -1 
 1  1  1  1  1  1  1 -1 -1 -1 -1 -1  1 -1  1  1 -1  1  1  1 -1 -1 -1 -1 -1 -1 -1 -1 -1 
 1  1 -1 -1  1  1 -1 -1 -1  1  1  1  1 -1 -1  1  1 -1 -1 -1 -1 -1 -1 -1  1  1 -1  1 -1 
 1  1 -1 -1  1  1  1 -1 -1  1  1 -1  1 -1 -1  1  1 -1 -1 -1 -1 -1 -1 -1  1  1  1 -1 -1 
 1  1 -1 -1  1  1 -1 -1  1  1  1 -1  1 -1 -1  1  1 -1 -1 -1 -1 -1 -1  1  1  1 -1 -1 -1 
 1  1 -1 -1  1  1 -1 -1  1  1  1 -1  1 -1 -1  1  1 -1 -1 -1 -1 -1  1 -1  1  1 -1 -1 -1 
 1  1 -1 -1  1  1 -1 -1  1  1  1 -1  1 -1 -1  1  1 -1 -1 -1 -1 -1  1  1 -1  1 -1 -1 -1 
 1  1 -1 -1  1  1  1 -1 -1 -1  1  1  1 -1 -1  1  1 -1  1 -1 -1 -1 -1 -1 -1 -1  1  1 -1 
 1  1 -1 -1  1  1  1 -1 -1  1  1 -1  1 -1 -1  1  1 -1  1 -1 -1 -1 -1 -1 -1  1  1 -1 -1 
 1  1 -1 -1  1  1  1 -1 -1  1  1 -1  1 -1 -1  1  1 -1  1 -1 -1 -1 -1 -1  1 -1  1 -1 -1 
 1  1 -1 -1  1  1  1 -1 -1  1  1 -1  1 -1 -1  1  1 -1  1 -1 -1 -1 -1 -1  1  1 -1 -1 -1 
 1  1 -1 -1  1  1  1 -1  1  1 -1 -1  1 -1 -1  1  1 -1  1 -1 -1 -1 -1  1  1 -1 -1 -1 -1 
 1  1 -1 -1  1  1  1 -1  1 -1  1 -1  1 -1 -1  1  1 -1  1 -1 -1 -1  1 -1 -1 -1  1 -1 -1 
 1  1 -1 -1  1  1  1 -1  1  1 -1 -1  1 -1 -1  1  1 -1  1 -1 -1 -1  1 -1  1 -1 -1 -1 -1 
 1  1 -1 -1  1  1  1 -1  1  1 -1 -1  1 -1 -1  1  1 -1  1 -1 -1 -1  1  1 -1 -1 -1 -1 -1 
 1  1 -1 -1  1  1  1  1 -1 -1 -1  1  1 -1 -1  1  1 -1  1 -1  1 -1 -1 -1 -1 -1 -1 -1  1 
 1  1 -1 -1  1  1  1  1 -1 -1  1 -1  1 -1 -1  1  1 -1  1 -1  1 -1 -1 -1 -1 -1  1 -1 -1 
 1  1 -1 -1  1  1  1  1 -1  1 -1 -1  1 -1 -1  1  1 -1  1 -1  1 -1 -1 -1  1 -1 -1 -1 -1 
 1  1 -1 -1  1  1  1  1  1 -1 -1 -1  1 -1 -1  1  1 -1  1 -1  1 -1  1 -1 -1 -1 -1 -1 -1 
 1  1 -1  1  1  1  1  1 -1 -1 -1 -1  1 -1 -1  1  1 -1  1 -1  1  1 -1 -1 -1 -1 -1 -1 -1 
 1  1  1 -1  1  1  1 -1 -1 -1  1 -1  1 -1 -1  1  1 -1  1  1 -1 -1 -1 -1 -1 -1  1 -1 -1 
 1  1  1 -1  1  1  1 -1 -1  1 -1 -1  1 -1 -1  1  1 -1  1  1 -1 -1 -1 -1  1 -1 -1 -1 -1 
 1  1  1 -1  1  1  1 -1  1 -1 -1 -1  1 -1 -1  1  1 -1  1  1 -1 -1  1 -1 -1 -1 -1 -1 -1 
 1  1  1 -1  1  1  1  1 -1 -1 -1 -1  1 -1 -1  1  1 -1  1  1  1 -1 -1 -1 -1 -1 -1 -1 -1 
 1  1  1  1  1  1  1 -1 -1 -1 -1 -1  1 -1  1  1  1 -1  1  1 -1 -1 -1 -1 -1 -1 -1 -1 -1 
 1  1  1 -1 -1 -1  1  1 -1 -1  1  1  1  1 -1 -1 -1 -1 -1  1 -1 -1 -1 -1 -1 -1  1  1  1 
 1  1  1 -1 -1 -1  1 -1 -1  1  1  1  1  1 -1 -1 -1 -1 -1  1 -1 -1 -1 -1 -1  1  1  1 -1 
 1  1  1 -1 -1  1  1 -1 -1  1  1 -1  1  1 -1 -1 -1 -1 -1  1 -1 -1 -1 -1  1  1  1 -1 -1 
 1  1  1 -1 -1 -1  1 -1  1  1  1 -1  1  1 -1 -1 -1 -1 -1  1 -1 -1 -1  1 -1  1  1 -1 -1 
 1  1  1 -1 -1 -1  1  1 -1 -1  1  1  1  1 -1 -1 -1 -1 -1  1  1 -1 -1 -1 -1 -1 -1  1  1 
 1  1  1 -1 -1 -1  1  1 -1 -1  1  1  1  1 -1 -1 -1 -1 -1  1  1 -1 -1 -1 -1 -1  1 -1  1 
 1  1  1 -1 -1 -1  1  1 -1 -1  1  1  1  1 -1 -1 -1 -1 -1  1  1 -1 -1 -1 -1 -1  1  1 -1 
 1  1  1 -1 -1 -1  1  1 -1  1  1 -1  1  1 -1 -1 -1 -1 -1  1  1 -1 -1 -1 -1  1  1 -1 -1 
 1  1  1  1 -1 -1  1  1 -1 -1 -1  1  1  1 -1 -1 -1 -1 -1  1  1  1 -1 -1 -1 -1 -1 -1  1 
 1  1  1  1 -1 -1  1  1 -1 -1  1 -1  1  1 -1 -1 -1 -1 -1  1  1  1 -1 -1 -1 -1  1 -1 -1 
 1  1  1 -1 -1  1  1 -1 -1 -1  1  1  1  1 -1 -1 -1 -1  1  1 -1 -1 -1 -1 -1 -1  1  1 -1 
 1  1  1 -1 -1  1  1 -1 -1  1  1 -1  1  1 -1 -1 -1 -1  1  1 -1 -1 -1 -1 -1  1  1 -1 -1 
 1  1  1 -1 -1  1  1 -1 -1  1  1 -1  1  1 -1 -1 -1 -1  1  1 -1 -1 -1 -1  1 -1  1 -1 -1 
 1  1  1 -1 -1  1  1 -1 -1  1  1 -1  1  1 -1 -1 -1 -1  1  1 -1 -1 -1 -1  1  1 -1 -1 -1 
 1  1  1 -1 -1  1  1 -1  1  1 -1 -1  1  1 -1 -1 -1 -1  1  1 -1 -1 -1  1  1 -1 -1 -1 -1 
 1  1  1 -1 -1  1  1  1 -1 -1 -1  1  1  1 -1 -1 -1 -1  1  1  1 -1 -1 -1 -1 -1 -1 -1  1 
 1  1  1 -1 -1  1  1  1 -1 -1  1 -1  1  1 -1 -1 -1 -1  1  1  1 -1 -1 -1 -1 -1  1 -1 -1 
 1  1  1 -1 -1  1  1  1 -1  1 -1 -1  1  1 -1 -1 -1 -1  1  1  1 -1 -1 -1  1 -1 -1 -1 -1 
 1  1  1  1 -1  1  1  1 -1 -1 -1 -1  1  1 -1 -1 -1 -1  1  1  1  1 -1 -1 -1 -1 -1 -1 -1 
 1  1  1 -1  1  1  1 -1 -1 -1  1 -1  1  1 -1 -1  1 -1  1  1 -1 -1 -1 -1 -1 -1  1 -1 -1 
 1  1  1 -1  1  1  1 -1 -1  1 -1 -1  1  1 -1 -1  1 -1  1  1 -1 -1 -1 -1  1 -1 -1 -1 -1 
 1  1  1 -1  1  1  1 -1  1 -1 -1 -1  1  1 -1 -1  1 -1  1  1 -1 -1  1 -1 -1 -1 -1 -1 -1 
 1  1  1 -1  1  1  1  1 -1 -1 -1 -1  1  1 -1 -1  1 -1  1  1  1 -1 -1 -1 -1 -1 -1 -1 -1 
 1  1  1 -1 -1  1 -1 -1 -1  1  1  1  1  1 -1 -1 -1  1 -1 -1 -1 -1 -1 -1  1  1 -1  1 -1 
 1  1  1 -1 -1  1  1 -1 -1  1  1 -1  1  1 -1 -1 -1  1 -1 -1 -1 -1 -1 -1  1  1  1 -1 -1 
 1  1  1 -1 -1  1 -1 -1  1  1  1 -1  1  1 -1 -1 -1  1 -1 -1 -1 -1 -1  1  1  1 -1 -1 -1 
 1  1  1 -1  1  1 -1 -1  1  1 -1 -1  1  1 -1 -1 -1  1 -1 -1 -1 -1  1  1  1 -1 -1 -1 -1 
 1  1  1 -1 -1  1  1 -1 -1 -1  1  1  1  1 -1 -1 -1  1 -1  1 -1 -1 -1 -1 -1 -1  1  1 -1 
 1  1  1 -1 -1  1  1 -1 -1  1  1 -1  1  1 -1 -1 -1  1 -1  1 -1 -1 -1 -1 -1  1  1 -1 -1 
 1  1  1 -1 -1  1  1 -1 -1  1  1 -1  1  1 -1 -1 -1  1 -1  1 -1 -1 -1 -1  1 -1  1 -1 -1 
 1  1  1 -1 -1  1  1 -1 -1  1  1 -1  1  1 -1 -1 -1  1 -1  1 -1 -1 -1 -1  1  1 -1 -1 -1 
 1  1  1 -1 -1  1  1 -1  1  1 -1 -1  1  1 -1 -1 -1  1 -1  1 -1 -1 -1  1  1 -1 -1 -1 -1 
 1  1  1 -1 -1  1  1  1 -1 -1 -1  1  1  1 -1 -1 -1  1 -1  1  1 -1 -1 -1 -1 -1 -1 -1  1 
 1  1  1 -1 -1  1  1  1 -1 -1  1 -1  1  1 -1 -1 -1  1 -1  1  1 -1 -1 -1 -1 -1  1 -1 -1 
 1  1  1 -1 -1  1  1  1 -1  1 -1 -1  1  1 -1 -1 -1  1 -1  1  1 -1 -1 -1  1 -1 -1 -1 -1 
 1  1  1  1 -1  1  1  1 -1 -1 -1 -1  1  1 -1 -1 -1  1 -1  1  1  1 -1 -1 -1 -1 -1 -1 -1 
 1  1  1 -1 -1  1  1 -1 -1 -1  1  1  1  1 -1 -1 -1  1  1 -1 -1 -1 -1 -1 -1 -1  1  1 -1 
 1  1  1 -1 -1  1  1 -1 -1  1  1 -1  1  1 -1 -1 -1  1  1 -1 -1 -1 -1 -1 -1  1  1 -1 -1 
 1  1  1 -1 -1  1  1 -1 -1  1  1 -1  1  1 -1 -1 -1  1  1 -1 -1 -1 -1 -1  1 -1  1 -1 -1 
 1  1  1 -1 -1  1  1 -1 -1  1  1 -1  1  1 -1 -1 -1  1  1 -1 -1 -1 -1 -1  1  1 -1 -1 -1 
 1  1  1 -1 -1  1  1 -1  1  1 -1 -1  1  1 -1 -1 -1  1  1 -1 -1 -1 -1  1  1 -1 -1 -1 -1 
 1  1  1 -1 -1  1  1  1 -1 -1 -1  1  1  1 -1 -1 -1  1  1 -1  1 -1 -1 -1 -1 -1 -1 -1  1 
 1  1  1 -1 -1  1  1  1 -1 -1  1 -1  1  1 -1 -1 -1  1  1 -1  1 -1 -1 -1 -1 -1  1 -1 -1 
 1  1  1 -1 -1  1  1  1 -1  1 -1 -1  1  1 -1 -1 -1  1  1 -1  1 -1 -1 -1  1 -1 -1 -1 -1 
 1  1  1  1 -1  1  1  1 -1 -1 -1 -1  1  1 -1 -1 -1  1  1 -1  1  1 -1 -1 -1 -1 -1 -1 -1 
 1  1  1 -1  1  1 -1 -1 -1  1  1 -1  1  1 -1 -1  1  1 -1 -1 -1 -1 -1 -1  1  1 -1 -1 -1 
 1  1  1 -1  1  1 -1 -1  1  1 -1 -1  1  1 -1 -1  1  1 -1 -1 -1 -1 -1  1  1 -1 -1 -1 -1 
 1  1  1 -1  1  1 -1 -1  1  1 -1 -1  1  1 -1 -1  1  1 -1 -1 -1 -1  1 -1  1 -1 -1 -1 -1 
 1  1  1 -1  1  1 -1 -1  1  1 -1 -1  1  1 -1 -1  1  1 -1 -1 -1 -1  1  1 -1 -1 -1 -1 -1 
 1  1  1 -1  1  1  1 -1 -1 -1  1 -1  1  1 -1 -1  1  1 -1  1 -1 -1 -1 -1 -1 -1  1 -1 -1 
 1  1  1 -1  1  1  1 -1 -1  1 -1 -1  1  1 -1 -1  1  1 -1  1 -1 -1 -1 -1  1 -1 -1 -1 -1 
 1  1  1 -1  1  1  1 -1  1 -1 -1 -1  1  1 -1 -1  1  1 -1  1 -1 -1  1 -1 -1 -1 -1 -1 -1 
 1  1  1 -1  1  1  1  1 -1 -1 -1 -1  1  1 -1 -1  1  1 -1  1  1 -1 -1 -1 -1 -1 -1 -1 -1 
 1  1  1 -1  1  1  1 -1 -1 -1  1 -1  1  1 -1 -1  1  1  1 -1 -1 -1 -1 -1 -1 -1  1 -1 -1 
 1  1  1 -1  1  1  1 -1 -1  1 -1 -1  1  1 -1 -1  1  1  1 -1 -1 -1 -1 -1  1 -1 -1 -1 -1 
 1  1  1 -1  1  1  1 -1  1 -1 -1 -1  1  1 -1 -1  1  1  1 -1 -1 -1  1 -1 -1 -1 -1 -1 -1 
 1  1  1 -1  1  1  1  1 -1 -1 -1 -1  1  1 -1 -1  1  1  1 -1  1 -1 -1 -1 -1 -1 -1 -1 -1 
 1  1  1 -1  1 -1 -1 -1  1  1  1 -1  1  1 -1  1 -1 -1 -1 -1 -1 -1  1  1 -1  1 -1 -1 -1 
 1  1  1 -1  1  1 -1 -1  1  1 -1 -1  1  1 -1  1 -1 -1 -1 -1 -1 -1  1  1  1 -1 -1 -1 -1 
 1  1  1 -1  1 -1  1 -1 -1 -1  1  1  1  1 -1  1 -1 -1 -1  1 -1 -1 -1 -1 -1 -1  1  1 -1 
 1  1  1 -1  1 -1  1 -1 -1  1  1 -1  1  1 -1  1 -1 -1 -1  1 -1 -1 -1 -1 -1  1  1 -1 -1 
 1  1  1 -1  1 -1  1 -1  1 -1  1 -1  1  1 -1  1 -1 -1 -1  1 -1 -1  1 -1 -1 -1  1 -1 -1 
 1  1  1 -1  1 -1  1 -1  1  1 -1 -1  1  1 -1  1 -1 -1 -1  1 -1 -1  1  1 -1 -1 -1 -1 -1 
 1  1  1 -1  1 -1  1  1 -1 -1 -1  1  1  1 -1  1 -1 -1 -1  1  1 -1 -1 -1 -1 -1 -1 -1  1 
 1  1  1 -1  1 -1  1  1 -1 -1  1 -1  1  1 -1  1 -1 -1 -1  1  1 -1 -1 -1 -1 -1  1 -1 -1 
 1  1  1 -1  1 -1  1  1  1 -1 -1 -1  1  1 -1  1 -1 -1 -1  1  1 -1  1 -1 -1 -1 -1 -1 -1 
 1  1  1  1  1 -1  1  1 -1 -1 -1 -1  1  1 -1  1 -1 -1 -1  1  1  1 -1 -1 -1 -1 -1 -1 -1 
 1  1  1 -1  1  1  1 -1 -1 -1  1 -1  1  1 -1  1 -1 -1  1  1 -1 -1 -1 -1 -1 -1  1 -1 -1 
 1  1  1 -1  1  1  1 -1 -1  1 -1 -1  1  1 -1  1 -1 -1  1  1 -1 -1 -1 -1  1 -1 -1 -1 -1 
 1  1  1 -1  1  1  1 -1  1 -1 -1 -1  1  1 -1  1 -1 -1  1  1 -1 -1  1 -1 -1 -1 -1 -1 -1 
 1  1  1 -1  1  1  1  1 -1 -1 -1 -1  1  1 -1  1 -1 -1  1  1  1 -1 -1 -1 -1 -1 -1 -1 -1 
 1  1  1 -1  1  1 -1 -1 -1  1  1 -1  1  1 -1  1 -1  1 -1 -1 -1 -1 -1 -1  1  1 -1 -1 -1 
 1  1  1 -1  1  1 -1 -1  1  1 -1 -1  1  1 -1  1 -1  1 -1 -1 -1 -1 -1  1  1 -1 -1 -1 -1 
 1  1  1 -1  1  1 -1 -1  1  1 -1 -1  1  1 -1  1 -1  1 -1 -1 -1 -1  1 -1  1 -1 -1 -1 -1 
 1  1  1 -1  1  1 -1 -1  1  1 -1 -1  1  1 -1  1 -1  1 -1 -1 -1 -1  1  1 -1 -1 -1 -1 -1 
 1  1  1 -1  1  1  1 -1 -1 -1  1 -1  1  1 -1  1 -1  1 -1  1 -1 -1 -1 -1 -1 -1  1 -1 -1 
 1  1  1 -1  1  1  1 -1 -1  1 -1 -1  1  1 -1  1 -1  1 -1  1 -1 -1 -1 -1  1 -1 -1 -1 -1 
 1  1  1 -1  1  1  1 -1  1 -1 -1 -1  1  1 -1  1 -1  1 -1  1 -1 -1  1 -1 -1 -1 -1 -1 -1 
 1  1  1 -1  1  1  1  1 -1 -1 -1 -1  1  1 -1  1 -1  1 -1  1  1 -1 -1 -1 -1 -1 -1 -1 -1 
 1  1  1 -1  1  1  1 -1 -1 -1  1 -1  1  1 -1  1 -1  1  1 -1 -1 -1 -1 -1 -1 -1  1 -1 -1 
 1  1  1 -1  1  1  1 -1 -1  1 -1 -1  1  1 -1  1 -1  1  1 -1 -1 -1 -1 -1  1 -1 -1 -1 -1 
 1  1  1 -1  1  1  1 -1  1 -1 -1 -1  1  1 -1  1 -1  1  1 -1 -1 -1  1 -1 -1 -1 -1 -1 -1 
 1  1  1 -1  1  1  1  1 -1 -1 -1 -1  1  1 -1  1 -1  1  1 -1  1 -1 -1 -1 -1 -1 -1 -1 -1 
 1  1  1 -1  1  1 -1 -1 -1  1  1 -1  1  1 -1  1  1 -1 -1 -1 -1 -1 -1 -1  1  1 -1 -1 -1 
 1  1  1 -1  1  1 -1 -1  1  1 -1 -1  1  1 -1  1  1 -1 -1 -1 -1 -1 -1  1  1 -1 -1 -1 -1 
 1  1  1 -1  1  1 -1 -1  1  1 -1 -1  1  1 -1  1  1 -1 -1 -1 -1 -1  1 -1  1 -1 -1 -1 -1 
 1  1  1 -1  1  1 -1 -1  1  1 -1 -1  1  1 -1  1  1 -1 -1 -1 -1 -1  1  1 -1 -1 -1 -1 -1 
 1  1  1 -1  1  1  1 -1 -1 -1  1 -1  1  1 -1  1  1 -1 -1  1 -1 -1 -1 -1 -1 -1  1 -1 -1 
 1  1  1 -1  1  1  1 -1 -1  1 -1 -1  1  1 -1  1  1 -1 -1  1 -1 -1 -1 -1  1 -1 -1 -1 -1 
 1  1  1 -1  1  1  1 -1  1 -1 -1 -1  1  1 -1  1  1 -1 -1  1 -1 -1  1 -1 -1 -1 -1 -1 -1 
 1  1  1 -1  1  1  1  1 -1 -1 -1 -1  1  1 -1  1  1 -1 -1  1  1 -1 -1 -1 -1 -1 -1 -1 -1 
 1  1  1 -1  1  1  1 -1 -1 -1  1 -1  1  1 -1  1  1 -1  1 -1 -1 -1 -1 -1 -1 -1  1 -1 -1 
 1  1  1 -1  1  1  1 -1 -1  1 -1 -1  1  1 -1  1  1 -1  1 -1 -1 -1 -1 -1  1 -1 -1 -1 -1 
 1  1  1 -1  1  1  1 -1  1 -1 -1 -1  1  1 -1  1  1 -1  1 -1 -1 -1  1 -1 -1 -1 -1 -1 -1 
 1  1  1 -1  1  1  1  1 -1 -1 -1 -1  1  1 -1  1  1 -1  1 -1  1 -1 -1 -1 -1 -1 -1 -1 -1 
 1  1  1  1 -1 -1 -1  1 -1 -1  1  1  1  1  1 -1 -1 -1 -1 -1 -1  1 -1 -1 -1 -1 -1  1  1 
 1  1  1  1 -1 -1  1  1 -1 -1 -1  1  1  1  1 -1 -1 -1 -1 -1  1  1 -1 -1 -1 -1 -1 -1  1 
 1  1  1  1 -1 -1  1  1 -1 -1  1 -1  1  1  1 -1 -1 -1 -1 -1  1  1 -1 -1 -1 -1  1 -1 -1 
 1  1  1  1 -1  1  1  1 -1 -1 -1 -1  1  1  1 -1 -1 -1  1 -1  1  1 -1 -1 -1 -1 -1 -1 -1 
 1  1  1  1 -1 -1  1 -1 -1 -1  1  1  1  1  1 -1 -1 -1 -1  1 -1 -1 -1 -1 -1 -1  1  1 -1 
 1  1  1  1 -1 -1  1 -1 -1  1  1 -1  1  1  1 -1 -1 -1 -1  1 -1 -1 -1 -1 -1  1  1 -1 -1 
 1  1  1  1 -1 -1  1  1 -1 -1 -1  1  1  1  1 -1 -1 -1 -1  1 -1  1 -1 -1 -1 -1 -1 -1  1 
 1  1  1  1 -1 -1  1  1 -1 -1  1 -1  1  1  1 -1 -1 -1 -1  1 -1  1 -1 -1 -1 -1  1 -1 -1 
 1  1  1  1 -1 -1  1  1 -1 -1 -1  1  1  1  1 -1 -1 -1 -1  1  1 -1 -1 -1 -1 -1 -1 -1  1 
 1  1  1  1 -1 -1  1  1 -1 -1  1 -1  1  1  1 -1 -1 -1 -1  1  1 -1 -1 -1 -1 -1  1 -1 -1 
 1  1  1  1 -1  1  1 -1 -1 -1  1 -1  1  1  1 -1 -1 -1  1  1 -1 -1 -1 -1 -1 -1  1 -1 -1 
 1  1  1  1 -1  1  1 -1 -1  1 -1 -1  1  1  1 -1 -1 -1  1  1 -1 -1 -1 -1  1 -1 -1 -1 -1 
 1  1  1  1 -1  1  1  1 -1 -1 -1 -1  1  1  1 -1 -1 -1  1  1 -1  1 -1 -1 -1 -1 -1 -1 -1 
 1  1  1  1 -1  1  1  1 -1 -1 -1 -1  1  1  1 -1 -1 -1  1  1  1 -1 -1 -1 -1 -1 -1 -1 -1 
 1  1  1  1  1  1  1 -1 -1 -1 -1 -1  1  1  1 -1  1 -1  1  1 -1 -1 -1 -1 -1 -1 -1 -1 -1 
 1  1  1  1 -1  1 -1 -1 -1  1  1 -1  1  1  1 -1 -1  1 -1 -1 -1 -1 -1 -1  1  1 -1 -1 -1 
 1  1  1  1 -1  1 -1 -1  1  1 -1 -1  1  1  1 -1 -1  1 -1 -1 -1 -1 -1  1  1 -1 -1 -1 -1 
 1  1  1  1 -1  1 -1  1 -1 -1 -1  1  1  1  1 -1 -1  1 -1 -1 -1  1 -1 -1 -1 -1 -1 -1  1 
 1  1  1  1 -1  1 -1  1 -1  1 -1 -1  1  1  1 -1 -1  1 -1 -1 -1  1 -1 -1  1 -1 -1 -1 -1 
 1  1  1  1 -1  1  1  1 -1 -1 -1 -1  1  1  1 -1 -1  1 -1 -1  1  1 -1 -1 -1 -1 -1 -1 -1 
 1  1  1  1 -1  1  1 -1 -1 -1  1 -1  1  1  1 -1 -1  1 -1  1 -1 -1 -1 -1 -1 -1  1 -1 -1 
 1  1  1  1 -1  1  1 -1 -1  1 -1 -1  1  1  1 -1 -1  1 -1  1 -1 -1 -1 -1  1 -1 -1 -1 -1 
 1  1  1  1 -1  1  1  1 -1 -1 -1 -1  1  1  1 -1 -1  1 -1  1 -1  1 -1 -1 -1 -1 -1 -1 -1 
 1  1  1  1 -1  1  1  1 -1 -1 -1 -1  1  1  1 -1 -1  1 -1  1  1 -1 -1 -1 -1 -1 -1 -1 -1 
 1  1  1  1 -1  1  1 -1 -1 -1  1 -1  1  1  1 -1 -1  1  1 -1 -1 -1 -1 -1 -1 -1  1 -1 -1 
 1  1  1  1 -1  1  1 -1 -1  1 -1 -1  1  1  1 -1 -1  1  1 -1 -1 -1 -1 -1  1 -1 -1 -1 -1 
 1  1  1  1 -1  1  1  1 -1 -1 -1 -1  1  1  1 -1 -1  1  1 -1 -1  1 -1 -1 -1 -1 -1 -1 -1 
 1  1  1  1 -1  1  1  1 -1 -1 -1 -1  1  1  1 -1 -1  1  1 -1  1 -1 -1 -1 -1 -1 -1 -1 -1 
 1  1  1  1  1  1 -1 -1 -1  1 -1 -1  1  1  1 -1  1  1 -1 -1 -1 -1 -1 -1  1 -1 -1 -1 -1 
 1  1  1  1  1  1 -1 -1  1 -1 -1 -1  1  1  1 -1  1  1 -1 -1 -1 -1  1 -1 -1 -1 -1 -1 -1 
 1  1  1  1  1  1 -1  1 -1 -1 -1 -1  1  1  1 -1  1  1 -1 -1 -1  1 -1 -1 -1 -1 -1 -1 -1 
 1  1  1  1  1  1  1 -1 -1 -1 -1 -1  1  1  1 -1  1  1 -1  1 -1 -1 -1 -1 -1 -1 -1 -1 -1 
 1  1  1  1  1  1  1 -1 -1 -1 -1 -1  1  1  1 -1  1  1  1 -1 -1 -1 -1 -1 -1 -1 -1 -1 -1 
 1  1  1  1  1 -1 -1 -1  1  1 -1 -1  1  1  1  1 -1 -1 -1 -1 -1 -1  1  1 -1 -1 -1 -1 -1 
 1  1  1  1  1 -1 -1  1 -1 -1 -1  1  1  1  1  1 -1 -1 -1 -1 -1  1 -1 -1 -1 -1 -1 -1  1 
 1  1  1  1  1 -1 -1  1  1 -1 -1 -1  1  1  1  1 -1 -1 -1 -1 -1  1  1 -1 -1 -1 -1 -1 -1 
 1  1  1  1  1 -1  1  1 -1 -1 -1 -1  1  1  1  1 -1 -1 -1 -1  1  1 -1 -1 -1 -1 -1 -1 -1 
 1  1  1  1  1 -1  1 -1 -1 -1  1 -1  1  1  1  1 -1 -1 -1  1 -1 -1 -1 -1 -1 -1  1 -1 -1 
 1  1  1  1  1 -1  1 -1  1 -1 -1 -1  1  1  1  1 -1 -1 -1  1 -1 -1  1 -1 -1 -1 -1 -1 -1 
 1  1  1  1  1 -1  1  1 -1 -1 -1 -1  1  1  1  1 -1 -1 -1  1 -1  1 -1 -1 -1 -1 -1 -1 -1 
 1  1  1  1  1 -1  1  1 -1 -1 -1 -1  1  1  1  1 -1 -1 -1  1  1 -1 -1 -1 -1 -1 -1 -1 -1 
 1  1  1  1  1  1  1 -1 -1 -1 -1 -1  1  1  1  1 -1 -1  1  1 -1 -1 -1 -1 -1 -1 -1 -1 -1 
 1  1  1  1  1  1 -1 -1 -1  1 -1 -1  1  1  1  1 -1  1 -1 -1 -1 -1 -1 -1  1 -1 -1 -1 -1 
 1  1  1  1  1  1 -1 -1  1 -1 -1 -1  1  1  1  1 -1  1 -1 -1 -1 -1  1 -1 -1 -1 -1 -1 -1 
 1  1  1  1  1  1 -1  1 -1 -1 -1 -1  1  1  1  1 -1  1 -1 -1 -1  1 -1 -1 -1 -1 -1 -1 -1 
 1  1  1  1  1  1  1 -1 -1 -1 -1 -1  1  1  1  1 -1  1 -1  1 -1 -1 -1 -1 -1 -1 -1 -1 -1 
 1  1  1  1  1  1  1 -1 -1 -1 -1 -1  1  1  1  1 -1  1  1 -1 -1 -1 -1 -1 -1 -1 -1 -1 -1 
 1  1  1  1  1  1 -1 -1 -1  1 -1 -1  1  1  1  1  1 -1 -1 -1 -1 -1 -1 -1  1 -1 -1 -1 -1 
 1  1  1  1  1  1 -1 -1  1 -1 -1 -1  1  1  1  1  1 -1 -1 -1 -1 -1  1 -1 -1 -1 -1 -1 -1 
 1  1  1  1  1  1 -1  1 -1 -1 -1 -1  1  1  1  1  1 -1 -1 -1 -1  1 -1 -1 -1 -1 -1 -1 -1 
 1  1  1  1  1  1  1 -1 -1 -1 -1 -1  1  1  1  1  1 -1 -1  1 -1 -1 -1 -1 -1 -1 -1 -1 -1 
 1  1  1  1  1  1  1 -1 -1 -1 -1 -1  1  1  1  1  1 -1  1 -1 -1 -1 -1 -1 -1 -1 -1 -1 -1 
0.950000 0.950000 0.950000 0.950000 0.950000 0.950000 0.950000 0.950000 0.950000 0.950000 0.950000 0.950000 0.900000 0.900000 0.900000 0.900000 0.900000 0.900000 0.900000 0.900000 0.900000 0.900000 0.900000 0.900000 0.900000 0.900000 0.900000 0.900000 0.900000 
